169	sp|P55546|Y4LF_SINFN	42.553	141	80	1	1	141	1	140	1.18e-36	144
428	sp|Q06916|GUFA_MYXXA	43.802	242	136	0	71	312	13	254	2.33e-47	162
428	sp|Q3B4G1|ZUPT_CHLL3	34.016	244	148	6	72	304	17	258	6.82e-25	103
428	sp|Q8N1S5|S39AB_HUMAN	40.625	160	83	3	162	312	186	342	1.64e-23	101
428	sp|Q6P6S2|S39AB_RAT	40.000	160	84	3	162	312	179	335	2.03e-23	101
428	sp|Q2YDD4|S39AB_BOVIN	40.000	160	84	3	162	312	185	341	2.62e-23	101
428	sp|Q8NQK0|ZUPT_CORGL	35.968	253	144	7	67	306	10	257	1.83e-22	97.4
428	sp|Q8BWY7|S39AB_MOUSE	41.176	153	78	3	169	312	193	342	2.70e-22	98.6
428	sp|B3ECE6|ZUPT_CHLL2	34.000	250	146	10	71	306	16	260	5.36e-22	96.3
428	sp|Q28J44|S39AB_XENTR	39.623	159	84	3	163	312	181	336	1.08e-21	96.7
428	sp|A4SE48|ZUPT_CHLPM	35.484	248	139	9	72	304	17	258	1.58e-21	95.1
428	sp|C3PFG5|ZUPT_CORA7	31.579	247	160	5	67	306	15	259	3.58e-20	91.3
428	sp|B4SPV6|ZUPT_STRM5	32.540	252	156	6	59	300	9	256	2.50e-19	89.0
428	sp|B2FM90|ZUPT_STRMK	32.540	252	156	6	59	300	9	256	1.13e-18	87.0
428	sp|Q8FTK0|ZUPT_COREF	33.186	226	132	6	95	306	42	262	1.30e-18	87.0
428	sp|Q8ENQ1|ZUPT_OCEIH	29.317	249	161	6	71	306	16	262	1.51e-18	86.7
428	sp|Q8P8Z6|ZUPT_XANCP	34.884	172	99	5	139	300	88	256	9.91e-17	82.0
428	sp|Q8PKQ5|ZUPT_XANAC	32.258	248	146	9	67	300	17	256	3.48e-16	80.5
428	sp|B2UL32|ZUPT_AKKM8	31.481	270	146	10	63	307	13	268	3.92e-16	80.1
428	sp|Q3AU90|ZUPT_CHLCH	30.709	254	157	9	67	306	14	262	4.83e-16	79.7
428	sp|B3QP89|ZUPT_CHLP8	30.588	255	156	10	67	306	14	262	5.23e-16	79.7
428	sp|Q9K1H6|ZUPT_NEIMB	32.143	224	134	8	95	306	45	262	1.45e-15	78.6
428	sp|Q8DRY7|ZUPT_STRMU	31.746	252	161	6	63	306	10	258	1.55e-15	78.2
428	sp|A1KRK6|ZUPT_NEIMF	33.040	227	133	9	95	307	45	266	2.14e-15	78.2
428	sp|Q9JX23|ZUPT_NEIMA	33.040	227	133	9	95	307	45	266	2.14e-15	78.2
428	sp|Q9PIN2|ZUPT_CAMJE	30.712	267	146	11	72	304	21	282	4.08e-13	72.0
428	sp|B7LQB7|ZUPT_ESCF3	33.200	250	147	8	72	310	14	254	8.81e-13	70.5
428	sp|B1HYT6|ZUPT_LYSSC	29.644	253	162	8	67	306	14	263	9.77e-13	70.5
428	sp|P67470|ZUPT_SALTY	35.519	183	104	5	72	249	14	187	1.89e-12	69.3
428	sp|P67471|ZUPT_SALTI	35.519	183	104	5	72	249	14	187	1.89e-12	69.3
428	sp|B4TVS2|ZUPT_SALSV	35.519	183	104	5	72	249	14	187	1.89e-12	69.3
428	sp|C0PYW1|ZUPT_SALPC	35.519	183	104	5	72	249	14	187	1.89e-12	69.3
428	sp|A9N5W7|ZUPT_SALPB	35.519	183	104	5	72	249	14	187	1.89e-12	69.3
428	sp|B4T660|ZUPT_SALNS	35.519	183	104	5	72	249	14	187	1.89e-12	69.3
428	sp|B5REE9|ZUPT_SALG2	35.519	183	104	5	72	249	14	187	1.89e-12	69.3
428	sp|B5QZ27|ZUPT_SALEP	35.519	183	104	5	72	249	14	187	1.89e-12	69.3
428	sp|B5FV58|ZUPT_SALDC	35.519	183	104	5	72	249	14	187	1.89e-12	69.3
428	sp|Q57JS2|ZUPT_SALCH	35.519	183	104	5	72	249	14	187	1.89e-12	69.3
428	sp|B5F683|ZUPT_SALA4	35.519	183	104	5	72	249	14	187	1.89e-12	69.3
428	sp|B4TI40|ZUPT_SALHS	35.519	183	104	5	72	249	14	187	1.95e-12	69.3
428	sp|A4WEI1|ZUPT_ENT38	35.165	182	106	5	72	249	14	187	2.41e-12	69.3
428	sp|B5BG02|ZUPT_SALPK	37.500	160	86	5	95	249	37	187	2.86e-12	68.9
428	sp|Q5PMU9|ZUPT_SALPA	37.500	160	86	5	95	249	37	187	2.86e-12	68.9
428	sp|Q8XMG8|ZUPT_CLOPE	27.734	256	159	6	75	306	26	279	5.04e-12	68.6
428	sp|B7NJQ3|ZUPT_ECO7I	31.481	216	134	6	95	304	37	244	5.46e-12	68.2
428	sp|Q940Q3|ZTP29_ARATH	31.852	270	135	11	62	304	12	259	5.92e-12	68.2
428	sp|A9MPX1|ZUPT_SALAR	34.783	184	104	6	72	249	14	187	7.94e-12	67.8
428	sp|Q9C9Z1|ZTP50_ARATH	33.333	222	135	5	67	287	107	316	9.41e-12	68.9
428	sp|B7N0I9|ZUPT_ECO81	37.107	159	88	5	95	249	37	187	4.63e-11	65.5
428	sp|Q32BU5|ZUPT_SHIDS	34.615	182	107	5	72	249	14	187	4.95e-11	65.5
428	sp|Q3YXK1|ZUPT_SHISS	37.107	159	88	5	95	249	37	187	5.93e-11	65.1
428	sp|B1LF36|ZUPT_ECOSM	37.107	159	88	5	95	249	37	187	5.93e-11	65.1
428	sp|B6I411|ZUPT_ECOSE	37.107	159	88	5	95	249	37	187	5.93e-11	65.1
428	sp|B7ND33|ZUPT_ECOLU	37.107	159	88	5	95	249	37	187	5.93e-11	65.1
428	sp|P0A8H3|ZUPT_ECOLI	37.107	159	88	5	95	249	37	187	5.93e-11	65.1
428	sp|B1ISB7|ZUPT_ECOLC	37.107	159	88	5	95	249	37	187	5.93e-11	65.1
428	sp|P0A8H4|ZUPT_ECOL6	37.107	159	88	5	95	249	37	187	5.93e-11	65.1
428	sp|Q0TD62|ZUPT_ECOL5	37.107	159	88	5	95	249	37	187	5.93e-11	65.1
428	sp|A1AFW5|ZUPT_ECOK1	37.107	159	88	5	95	249	37	187	5.93e-11	65.1
428	sp|A8A4J6|ZUPT_ECOHS	37.107	159	88	5	95	249	37	187	5.93e-11	65.1
428	sp|B1XG45|ZUPT_ECODH	37.107	159	88	5	95	249	37	187	5.93e-11	65.1
428	sp|C4ZQV8|ZUPT_ECOBW	37.107	159	88	5	95	249	37	187	5.93e-11	65.1
428	sp|B7LZI9|ZUPT_ECO8A	37.107	159	88	5	95	249	37	187	5.93e-11	65.1
428	sp|B5YR85|ZUPT_ECO5E	37.107	159	88	5	95	249	37	187	5.93e-11	65.1
428	sp|P0A8H5|ZUPT_ECO57	37.107	159	88	5	95	249	37	187	5.93e-11	65.1
428	sp|B7LGI2|ZUPT_ECO55	37.107	159	88	5	95	249	37	187	5.93e-11	65.1
428	sp|B7MAB7|ZUPT_ECO45	37.107	159	88	5	95	249	37	187	5.93e-11	65.1
428	sp|A7ZRS2|ZUPT_ECO24	37.107	159	88	5	95	249	37	187	5.93e-11	65.1
428	sp|B7UIV3|ZUPT_ECO27	37.107	159	88	5	95	249	37	187	6.65e-11	65.1
591	sp|P08956|T1RK_ECOLI	40.701	1199	642	23	8	1171	5	1169	0.0	837
591	sp|Q07736|T1RA_ECOLX	27.735	649	338	29	271	878	23	581	3.87e-37	154
591	sp|Q47281|T1RE_ECOLX	28.205	624	322	29	255	846	8	537	1.89e-36	152
591	sp|Q4A127|HSDR_STAS1	23.214	392	236	10	310	683	120	464	1.94e-12	75.5
591	sp|Q5HJH8|HSDR_STAAC	23.677	359	209	11	310	649	120	432	4.01e-11	71.2
597	sp|Q9V1E9|KTHY_PYRAB	39.073	151	76	5	3	138	4	153	3.12e-15	73.9
597	sp|B6YSZ4|KTHY_THEON	34.177	158	75	4	4	138	2	153	4.39e-12	65.5
597	sp|C5A1K2|KTHY_THEGJ	32.903	155	87	5	1	138	1	155	1.16e-11	64.3
597	sp|C6A0S1|KTHY_THESM	36.076	158	78	7	1	138	1	155	1.17e-11	64.3
600	sp|P06990|T1SB_ECOLX	35.794	447	271	5	4	436	19	463	4.33e-71	238
600	sp|P06187|T1S_SALTY	43.478	322	162	5	131	436	141	458	6.55e-69	232
600	sp|P05719|T1SK_ECOLI	48.013	302	140	8	145	436	159	453	5.31e-65	221
600	sp|P07990|T1S_SALPO	46.333	300	143	9	145	434	159	450	4.13e-57	200
600	sp|Q58926|T1SX_METJA	38.542	192	116	1	5	194	233	424	7.05e-33	133
600	sp|P06991|T1SD_ECOLX	54.331	127	58	0	310	436	307	433	1.90e-30	127
600	sp|P06991|T1SD_ECOLX	45.455	99	54	0	105	203	90	188	2.30e-17	88.2
602	sp|A9VQW6|PTUB_BACMK	32.609	184	97	9	48	227	45	205	7.14e-12	67.8
967	sp|P39213|INSN_SHIDY	46.392	97	51	1	7	103	17	112	3.77e-27	99.0
967	sp|P75679|INSN1_ECOLI	47.059	85	44	1	7	91	17	100	4.72e-22	86.7
967	sp|P39212|INSN2_ECOLI	40.964	83	48	1	7	89	5	86	1.04e-18	76.6
968	sp|P39315|QOR2_ECOLI	55.705	149	66	0	3	151	132	280	3.51e-48	160
974	sp|P37626|YHII_ECOLI	55.460	348	144	1	23	359	8	355	4.06e-121	356
974	sp|Q93AA7|YBHG_YERPE	29.730	333	206	7	8	328	3	319	2.37e-32	126
974	sp|B1JSP3|Y2900_YERPY	29.730	333	206	7	8	328	3	319	2.37e-32	126
974	sp|Q1CFT7|Y2816_YERPN	29.730	333	206	7	8	328	3	319	2.37e-32	126
974	sp|A7FKJ7|Y2812_YERP3	29.730	333	206	7	8	328	3	319	2.37e-32	126
974	sp|Q1C912|Y1093_YERPA	29.730	333	206	7	8	328	3	319	2.37e-32	126
974	sp|A1JSL8|Y2891_YERE8	29.819	332	207	7	8	328	3	319	6.99e-32	125
974	sp|B2K8W1|Y1292_YERPB	29.429	333	207	7	8	328	3	319	1.27e-31	124
974	sp|Q66D37|Y1212_YERPS	29.429	333	207	7	8	328	3	319	1.27e-31	124
974	sp|A4W8D7|Y1286_ENT38	29.242	277	182	4	45	316	37	304	3.22e-26	110
974	sp|A9MIT3|YBHG_SALAR	28.296	311	203	6	11	316	9	304	1.84e-24	105
974	sp|A8AIZ1|Y2332_CITK8	27.946	297	194	6	25	316	23	304	1.08e-23	103
974	sp|Q3Z3Z0|YBHG_SHISS	28.523	298	194	5	24	316	22	305	1.20e-23	103
974	sp|B6I7V1|YBHG_ECOSE	28.620	297	193	5	25	316	23	305	2.51e-23	102
974	sp|B7M768|YBHG_ECO8A	28.620	297	193	5	25	316	23	305	2.51e-23	102
974	sp|B7LC78|YBHG_ECO55	28.620	297	193	5	25	316	23	305	2.51e-23	102
974	sp|B7LJW4|YBHG_ESCF3	28.620	297	193	5	25	316	23	305	2.82e-23	102
974	sp|B7NA95|YBHG_ECOLU	28.620	297	193	5	25	316	23	305	2.82e-23	102
974	sp|B7NNM5|YBHG_ECO7I	28.620	297	193	5	25	316	23	305	2.82e-23	102
974	sp|Q8X7Y9|YBHG_ECO57	28.620	297	193	5	25	316	23	305	2.82e-23	102
974	sp|B7ULZ2|YBHG_ECO27	28.620	297	193	5	25	316	23	305	2.82e-23	102
974	sp|Q0T6G6|YBHG_SHIF8	28.620	297	193	5	25	316	22	304	3.23e-23	101
974	sp|B1LM86|YBHG_ECOSM	28.620	297	193	5	25	316	22	304	3.23e-23	101
974	sp|B1IXH3|YBHG_ECOLC	28.620	297	193	5	25	316	22	304	3.23e-23	101
974	sp|A7ZY51|YBHG_ECOHS	28.620	297	193	5	25	316	22	304	3.23e-23	101
974	sp|B5YS86|YBHG_ECO5E	28.620	297	193	5	25	316	22	304	3.23e-23	101
974	sp|A7ZJK6|YBHG_ECO24	28.620	297	193	5	25	316	22	304	3.39e-23	101
974	sp|Q32I67|YBHG_SHIDS	28.620	297	193	5	25	316	23	305	3.41e-23	101
974	sp|P75777|YBHG_ECOLI	28.620	297	193	5	25	316	23	305	4.25e-23	101
974	sp|A1A936|YBHG_ECOK1	28.620	297	193	5	25	316	23	305	4.25e-23	101
974	sp|B1X7C5|YBHG_ECODH	28.620	297	193	5	25	316	23	305	4.25e-23	101
974	sp|C4ZXW7|YBHG_ECOBW	28.620	297	193	5	25	316	23	305	4.25e-23	101
974	sp|B7MQP9|YBHG_ECO81	28.620	297	193	5	25	316	23	305	4.25e-23	101
974	sp|B7MGQ3|YBHG_ECO45	28.620	297	193	5	25	316	23	305	4.25e-23	101
974	sp|Q8FJN6|YBHG_ECOL6	28.620	297	193	5	25	316	23	305	4.33e-23	101
974	sp|Q1RED2|YBHG_ECOUT	28.620	297	193	5	25	316	23	305	5.29e-23	101
974	sp|Q323Z9|YBHG_SHIBS	28.283	297	194	5	25	316	23	305	5.45e-23	101
974	sp|Q0TJQ3|YBHG_ECOL5	28.620	297	193	5	25	316	22	304	5.53e-23	101
974	sp|Q83S36|YBHG_SHIFL	28.283	297	194	5	25	316	23	305	1.49e-22	100
974	sp|Q9L9D4|YBHG_ACIFI	27.762	353	240	7	1	353	1	338	2.50e-22	99.4
974	sp|Q8ZQP0|YBHG_SALTY	28.520	277	184	4	45	316	37	304	2.79e-22	99.4
974	sp|Q8Z879|YBHG_SALTI	28.520	277	184	4	45	316	37	304	2.79e-22	99.4
974	sp|C0PX06|YBHG_SALPC	28.520	277	184	4	45	316	37	304	2.79e-22	99.4
974	sp|B5QXS4|YBHG_SALEP	28.520	277	184	4	45	316	37	304	2.79e-22	99.4
974	sp|B5FP83|YBHG_SALDC	28.520	277	184	4	45	316	37	304	2.79e-22	99.4
974	sp|Q57RE0|YBHG_SALCH	28.520	277	184	4	45	316	37	304	2.79e-22	99.4
974	sp|B5F095|YBHG_SALA4	28.520	277	184	4	45	316	37	304	2.79e-22	99.4
974	sp|B5R785|YBHG_SALG2	28.520	277	184	4	45	316	37	304	3.11e-22	99.0
974	sp|B5BC09|YBHG_SALPK	28.520	277	184	4	45	316	37	304	3.91e-22	99.0
974	sp|Q5PG34|YBHG_SALPA	28.520	277	184	4	45	316	37	304	3.91e-22	99.0
974	sp|B4TQW1|YBHG_SALSV	28.520	277	184	4	45	316	37	304	4.11e-22	98.6
974	sp|A9MSW1|YBHG_SALPB	28.520	277	184	4	45	316	37	304	4.11e-22	98.6
974	sp|B4T074|YBHG_SALNS	28.520	277	184	4	45	316	37	304	4.11e-22	98.6
974	sp|B4TC72|YBHG_SALHS	28.520	277	184	4	45	316	37	304	4.11e-22	98.6
974	sp|Q92V44|Y5573_RHIME	27.900	319	219	5	7	321	1	312	1.05e-17	86.3
974	sp|P94851|AN36_HELPY	27.074	229	159	3	45	271	40	262	4.80e-16	81.6
974	sp|Q9ZJD1|AN36_HELPJ	27.074	229	159	3	45	271	40	262	6.33e-16	81.3
974	sp|P0DPR6|EMRA_ACIBT	23.443	273	183	6	44	306	50	306	3.67e-12	70.1
976	sp|P0AGH2|YHHJ_SHIFL	65.684	373	128	0	4	376	2	374	1.48e-170	483
976	sp|P0AGH1|YHHJ_ECOLI	65.684	373	128	0	4	376	2	374	1.48e-170	483
976	sp|P0AFQ1|YBHR_SHIFL	28.954	373	246	9	9	372	5	367	2.02e-35	136
976	sp|P0AFP9|YBHR_ECOLI	28.954	373	246	9	9	372	5	367	2.02e-35	136
976	sp|P0AFQ0|YBHR_ECO57	28.954	373	246	9	9	372	5	367	2.02e-35	136
976	sp|P37624|RBBA_ECOLI	26.702	382	258	10	5	373	539	911	6.20e-23	104
976	sp|P0AFQ2|YBHS_ECOLI	29.762	252	164	6	92	336	95	340	3.63e-17	85.5
976	sp|P0AFQ3|YBHS_ECOL6	29.762	252	164	6	92	336	95	340	3.63e-17	85.5
976	sp|P0AFQ4|YBHS_ECO57	29.762	252	164	6	92	336	95	340	3.63e-17	85.5
979	sp|Q9X447|YACK_RHIML	52.975	706	320	5	27	725	16	716	0.0	754
983	sp|P45240|GLTS_HAEIN	29.796	245	167	2	19	259	21	264	8.25e-33	127
983	sp|P0AER9|GLTS_SHIFL	37.238	239	149	1	19	256	20	258	1.39e-28	115
983	sp|P0AER8|GLTS_ECOLI	37.238	239	149	1	19	256	20	258	1.39e-28	115
984	sp|Q58824|HERA_METJA	26.386	451	250	17	123	538	76	479	3.49e-26	115
984	sp|Q58960|Y1565_METJA	22.717	449	288	10	122	568	105	496	6.84e-25	112
984	sp|Q60270|Y3508_METJA	26.498	434	262	14	120	539	113	503	5.16e-24	109
984	sp|F2Z5Z6|HERA_SULAC	26.761	426	240	17	122	538	98	460	1.01e-20	99.0
984	sp|Q8U1P0|HERA_PYRFU	40.833	120	68	1	424	543	397	513	5.09e-18	91.3
984	sp|Q97WG8|HERA_SACS2	27.184	412	231	18	135	538	110	460	4.44e-17	87.8
984	sp|Q96YR7|HERA_SULTO	24.622	463	274	23	122	575	97	493	1.84e-13	76.6
986	sp|P06187|T1S_SALTY	30.405	444	248	15	7	410	5	427	7.02e-43	159
986	sp|P06990|T1SB_ECOLX	25.792	442	265	14	5	410	18	432	8.13e-22	100
986	sp|P05719|T1SK_ECOLI	22.449	441	282	16	7	410	5	422	1.07e-13	75.9
986	sp|P07990|T1S_SALPO	24.194	434	282	15	7	410	5	421	2.26e-12	72.0
989	sp|Q07736|T1RA_ECOLX	36.175	821	448	23	2	770	9	805	2.97e-141	438
989	sp|Q47281|T1RE_ECOLX	35.167	836	439	27	2	770	9	808	1.46e-134	421
989	sp|P08956|T1RK_ECOLI	25.908	633	328	24	2	522	240	843	5.62e-38	156
989	sp|Q06683|IRC3_YEAST	26.196	439	274	14	119	547	3	401	2.94e-22	105
989	sp|Q1MTR1|IRC3_SCHPO	28.238	386	231	14	146	523	24	371	1.31e-14	81.3
989	sp|Q4A127|HSDR_STAS1	27.372	274	157	10	146	406	240	484	6.40e-13	76.3
992	sp|P76168|INTQ_ECOLI	29.945	364	196	12	49	372	24	368	6.60e-33	130
992	sp|P76056|INTR_ECOLI	26.238	404	247	11	7	375	11	398	1.53e-30	124
992	sp|P96629|INT_BACSU	23.053	321	219	8	85	387	58	368	1.13e-14	78.6
998	sp|P0DW49|VIP8_PSYL1	41.034	290	163	4	7	296	11	292	3.45e-76	238
998	sp|A0A244CMP0|VIP58_PSEDV	36.426	291	179	3	7	296	10	295	5.95e-67	214
998	sp|A0A1M7D0R2|VIP56_FIBS6	32.154	311	170	7	8	296	6	297	1.11e-48	168
998	sp|D5EID4|VIP15_CORAD	32.986	288	163	8	9	287	8	274	1.71e-44	156
998	sp|A0A1S1YUU1|VIP47_FLAPC	33.673	294	163	9	10	295	14	283	1.09e-43	154
998	sp|P0DW52|VIP21_LEWP2	34.564	298	156	11	10	295	10	280	4.01e-42	149
998	sp|P0DW53|VIP60_LACM4	31.058	293	173	8	10	295	184	454	1.47e-41	152
998	sp|A0A1H0NKS3|VIP6_SELRU	30.100	299	166	7	10	296	5	272	6.15e-34	128
998	sp|A0A110A2W7|VIP50_THEX5	29.134	254	140	8	11	255	15	237	1.53e-27	111
998	sp|Q8CBB9|RSAD2_MOUSE	28.197	305	167	11	10	295	76	347	3.56e-24	103
998	sp|Q6EE23|RSAD2_SINCH	26.974	304	172	11	10	295	68	339	6.08e-23	100
998	sp|Q2HJF9|RSAD2_BOVIN	27.687	307	166	11	10	295	77	348	6.67e-23	100
998	sp|O93384|RSAD2_ONCMY	27.541	305	169	11	10	295	62	333	1.07e-22	99.4
998	sp|O70600|RSAD2_RAT	27.213	305	170	11	10	295	74	345	1.42e-22	99.4
998	sp|Q9MZU4|RSAD2_PIG	27.362	307	167	11	10	295	76	347	1.65e-22	99.4
998	sp|Q5RH95|RSAD2_DANRE	26.733	303	174	9	10	295	73	344	1.76e-22	99.0
998	sp|Q8WXG1|RSAD2_HUMAN	27.213	305	170	11	10	295	75	346	3.55e-22	98.2
998	sp|Q5RCW8|RSAD2_PONAB	26.885	305	171	11	10	295	75	346	2.70e-21	95.9
999	sp|Q8N8A2|ANR44_HUMAN	31.176	170	109	4	711	872	610	779	1.03e-12	76.3
999	sp|B2RXR6|ANR44_MOUSE	30.588	170	110	4	711	872	610	779	4.29e-12	73.9
999	sp|Q5F478|ANR44_CHICK	29.762	168	111	4	711	872	610	776	1.68e-11	72.0
999	sp|Q01484|ANK2_HUMAN	30.180	222	138	6	654	872	132	339	9.72e-11	70.1
1002	sp|P23874|HIPA_ECOLI	43.119	436	240	6	1	430	1	434	6.82e-115	346
1002	sp|Q8FHF4|HIPA_ECOL6	42.759	435	243	5	1	430	1	434	1.46e-112	340
1002	sp|P55564|Y4ME_SINFN	30.732	410	246	12	4	402	6	388	3.00e-40	152
1002	sp|Q8EIX3|HIPA_SHEON	29.538	325	200	11	20	333	26	332	9.14e-27	114
1002	sp|P55412|Y4DM_SINFN	27.842	431	232	18	4	407	7	385	2.06e-16	84.3
1003	sp|Q8FHF3|HIPB_ECOL6	44.578	83	44	1	2	82	12	94	3.10e-16	69.7
1003	sp|P23873|HIPB_ECOLI	43.373	83	45	1	2	82	6	88	3.30e-16	69.7
1007	sp|C7DLJ6|OLHYD_ELIME	62.258	620	223	3	7	623	6	617	0.0	809
1007	sp|B9E972|OLHYD_MACCJ	43.158	570	300	10	57	616	19	574	1.21e-157	470
1007	sp|B5XK69|OLHYD_STRPZ	39.691	582	319	9	57	622	19	584	6.94e-143	432
1010	sp|Q5AF03|HSP31_CANAL	30.769	234	152	6	8	232	3	235	3.48e-24	99.4
1010	sp|Q04432|HSP31_YEAST	31.330	233	150	6	7	230	4	235	8.35e-21	90.5
1010	sp|O43084|HSP33_SCHPO	27.799	259	155	7	4	230	3	261	9.65e-17	80.1
1010	sp|Q09675|HSP32_SCHPO	29.075	227	132	6	23	230	24	240	1.59e-15	76.3
1010	sp|Q08914|HSP33_YEAST	27.801	241	148	8	7	230	4	235	8.66e-14	71.6
1010	sp|Q08992|HSP32_YEAST	27.801	241	148	8	7	230	4	235	1.15e-13	71.2
1010	sp|Q04902|SNO4_YEAST	28.216	241	147	8	7	230	4	235	1.88e-13	70.5
1010	sp|Q10092|HSP34_SCHPO	32.468	154	93	2	86	231	71	221	4.21e-12	66.6
1010	sp|P59331|HCHA_ECOL6	32.099	162	94	6	83	231	124	282	4.01e-11	64.7
1010	sp|Q0TGM8|HCHA_ECOL5	32.099	162	94	6	83	231	124	282	4.01e-11	64.7
1010	sp|B7NRB5|HCHA_ECO7I	32.099	162	94	6	83	231	124	282	4.01e-11	64.7
1010	sp|Q8BFQ8|GALD1_MOUSE	30.220	182	124	2	48	227	33	213	9.24e-11	62.8
1012	sp|P76113|CURA_ECOLI	65.306	343	119	0	4	346	3	345	1.49e-170	481
1012	sp|O34812|YFMJ_BACSU	48.225	338	166	5	8	342	4	335	1.49e-101	305
1012	sp|Q9SLN8|DBR_TOBAC	42.120	349	190	7	3	345	1	343	5.08e-80	250
1012	sp|Q39173|P2_ARATH	41.954	348	185	8	8	345	3	343	2.33e-79	249
1012	sp|Q39172|AER_ARATH	41.834	349	185	8	8	345	4	345	4.59e-77	243
1012	sp|Q3SZJ4|PTGR1_BOVIN	42.478	339	177	8	8	341	3	328	3.52e-76	240
1012	sp|P97584|PTGR1_RAT	43.323	337	173	7	10	341	5	328	1.02e-75	239
1012	sp|Q29073|PTGR1_PIG	42.262	336	178	7	10	341	5	328	2.63e-74	235
1012	sp|Q9EQZ5|PTGR1_CAVPO	42.560	336	175	7	10	340	5	327	4.41e-74	235
1012	sp|Q14914|PTGR1_HUMAN	40.950	337	183	6	9	341	4	328	6.70e-73	232
1012	sp|Q91YR9|PTGR1_MOUSE	42.433	337	176	7	10	341	5	328	1.43e-72	231
1012	sp|Q32L99|PTGR2_BOVIN	41.279	344	189	10	13	345	7	348	3.17e-68	220
1012	sp|Q5R806|PTGR2_PONAB	39.535	344	195	10	13	345	7	348	1.00e-67	219
1012	sp|Q8N8N7|PTGR2_HUMAN	39.244	344	196	10	13	345	7	348	2.72e-67	218
1012	sp|Q5BK81|PTGR2_RAT	40.407	344	192	9	13	345	7	348	3.68e-67	218
1012	sp|Q6WAU0|PULR_MENPI	37.572	346	200	9	9	345	4	342	6.59e-66	214
1012	sp|Q9C0Y6|YKM8_SCHPO	39.873	316	174	6	38	345	42	349	1.36e-65	214
1012	sp|Q28719|PTGR1_RABIT	42.042	333	175	8	10	337	5	324	5.67e-65	212
1012	sp|Q8VDQ1|PTGR2_MOUSE	39.826	344	194	10	13	345	7	348	2.53e-64	210
1012	sp|N4WR35|RED1_COCH4	35.714	350	204	9	8	342	3	346	2.26e-59	197
1012	sp|A0A0D2YG03|FUB6_FUSO4	28.852	357	224	8	8	342	6	354	7.25e-40	147
1012	sp|W7NCN7|FUB6_GIBM7	28.011	357	227	8	8	342	6	354	1.12e-38	144
1012	sp|B8NTZ8|LNAE_ASPFN	27.707	314	196	7	39	327	46	353	1.24e-29	120
1012	sp|S0DRW9|FUB6_GIBF5	26.331	357	213	10	8	342	6	334	8.48e-28	114
1012	sp|Q03102|YMN1_YEAST	27.913	369	226	16	10	346	5	365	9.61e-25	106
1012	sp|P42865|QOR_LEIAM	30.837	227	143	8	123	342	120	339	1.26e-21	97.4
1012	sp|Q8BGC4|PTGR3_MOUSE	25.926	324	212	10	35	342	58	369	7.96e-21	95.5
1012	sp|Q8N4Q0|PTGR3_HUMAN	25.926	324	212	10	35	342	58	369	2.11e-18	88.6
1012	sp|Q24K16|PTGR3_BOVIN	25.000	324	215	10	35	342	58	369	1.31e-15	80.5
1012	sp|Q5R4S7|QOR_PONAB	23.418	316	213	9	35	340	31	327	3.94e-12	69.7
1012	sp|P96202|PPSC_MYCTU	25.701	214	150	4	130	342	1575	1780	7.02e-12	70.5
1012	sp|Q7TXL8|PPSC_MYCBO	25.701	214	150	4	130	342	1575	1780	7.02e-12	70.5
1012	sp|Q08257|QOR_HUMAN	23.101	316	214	9	35	340	31	327	1.10e-11	68.6
1012	sp|Q6AYT0|QOR_RAT	23.364	321	207	10	35	340	31	327	9.84e-11	65.5
1201	sp|P0A104|ATPZ_PSEPU	51.948	77	37	0	19	95	39	115	4.17e-20	82.0
1201	sp|P0A103|ATPZ_PSEPK	51.948	77	37	0	19	95	39	115	4.17e-20	82.0
1201	sp|Q9HT13|ATPZ_PSEAE	52.000	75	36	0	18	92	29	103	4.44e-20	81.6
1214	sp|Q9K0V1|Y459_NEIMB	25.676	370	246	8	13	372	10	360	4.06e-26	110
1214	sp|Q8E9K5|SOFIC_SHEON	25.852	352	233	8	13	352	9	344	2.30e-22	100
1370	sp|A6LFI7|Y2732_PARD8	45.631	103	55	1	1	103	3	104	3.89e-25	93.6
1370	sp|Q3III5|Y1882_PSET1	39.806	103	61	1	1	102	1	103	2.85e-24	91.7
1370	sp|C3LWL5|Y3711_VIBCM	54.118	85	38	1	18	102	20	103	4.25e-23	88.6
1370	sp|A5F0W1|Y288_VIBC3	54.118	85	38	1	18	102	20	103	4.25e-23	88.6
1370	sp|A9C2L1|Y3728_DELAS	48.515	101	50	2	2	102	5	103	1.01e-22	87.4
1370	sp|A6L2T0|Y2335_PHOV8	48.837	86	43	1	18	103	20	104	1.99e-22	87.0
1370	sp|Q2YB30|Y734_NITMU	54.118	85	38	1	18	102	20	103	2.21e-22	86.7
1370	sp|A4W8N3|Y1382_ENT38	48.958	96	47	2	9	103	10	104	2.61e-22	86.7
1370	sp|B5FQ06|YBJQ_SALDC	50.000	96	46	2	9	103	10	104	2.85e-22	86.7
1370	sp|A1K2Y4|Y572_AZOSB	43.689	103	55	3	1	102	3	103	2.90e-22	86.3
1370	sp|Q8A295|Y3410_BACTN	43.137	102	57	1	1	102	3	103	3.25e-22	86.3
1370	sp|A0KLD9|Y2580_AERHH	47.573	103	51	3	1	102	3	103	5.42e-22	85.9
1370	sp|Q3Z3R7|YBJQ_SHISS	51.163	86	41	1	18	103	20	104	6.97e-22	85.5
1370	sp|Q0T8L9|YBJQ_SHIF8	51.163	86	41	1	18	103	20	104	6.97e-22	85.5
1370	sp|Q32DY4|YBJQ_SHIDS	51.163	86	41	1	18	103	20	104	6.97e-22	85.5
1370	sp|Q323N6|YBJQ_SHIBS	51.163	86	41	1	18	103	20	104	6.97e-22	85.5
1370	sp|B2TUL3|YBJQ_SHIB3	51.163	86	41	1	18	103	20	104	6.97e-22	85.5
1370	sp|Q1RE59|YBJQ_ECOUT	51.163	86	41	1	18	103	20	104	6.97e-22	85.5
1370	sp|B6I8I6|YBJQ_ECOSE	51.163	86	41	1	18	103	20	104	6.97e-22	85.5
1370	sp|B7NAL7|YBJQ_ECOLU	51.163	86	41	1	18	103	20	104	6.97e-22	85.5
1370	sp|P0A8C1|YBJQ_ECOLI	51.163	86	41	1	18	103	20	104	6.97e-22	85.5
1370	sp|B1IWQ6|YBJQ_ECOLC	51.163	86	41	1	18	103	20	104	6.97e-22	85.5
1370	sp|P0A8C2|YBJQ_ECOL6	51.163	86	41	1	18	103	20	104	6.97e-22	85.5
1370	sp|Q0TJI3|YBJQ_ECOL5	51.163	86	41	1	18	103	20	104	6.97e-22	85.5
1370	sp|A1A9A5|YBJQ_ECOK1	51.163	86	41	1	18	103	20	104	6.97e-22	85.5
1370	sp|A7ZYH0|YBJQ_ECOHS	51.163	86	41	1	18	103	20	104	6.97e-22	85.5
1370	sp|B1X807|YBJQ_ECODH	51.163	86	41	1	18	103	20	104	6.97e-22	85.5
1370	sp|C4ZY38|YBJQ_ECOBW	51.163	86	41	1	18	103	20	104	6.97e-22	85.5
1370	sp|B7M7E1|YBJQ_ECO8A	51.163	86	41	1	18	103	20	104	6.97e-22	85.5
1370	sp|B7MQX0|YBJQ_ECO81	51.163	86	41	1	18	103	20	104	6.97e-22	85.5
1370	sp|B5YSG2|YBJQ_ECO5E	51.163	86	41	1	18	103	20	104	6.97e-22	85.5
1370	sp|P0A8C3|YBJQ_ECO57	51.163	86	41	1	18	103	20	104	6.97e-22	85.5
1370	sp|B7LD59|YBJQ_ECO55	51.163	86	41	1	18	103	20	104	6.97e-22	85.5
1370	sp|B7MHH1|YBJQ_ECO45	51.163	86	41	1	18	103	20	104	6.97e-22	85.5
1370	sp|B7UMV8|YBJQ_ECO27	51.163	86	41	1	18	103	20	104	6.97e-22	85.5
1370	sp|A7ZJT5|YBJQ_ECO24	51.163	86	41	1	18	103	20	104	6.97e-22	85.5
1370	sp|Q83LS2|YBJQ_SHIFL	51.163	86	41	1	18	103	20	104	9.25e-22	85.1
1370	sp|B7LN30|YBJQ_ESCF3	51.163	86	41	1	18	103	20	104	1.02e-21	85.1
1370	sp|B1LN20|YBJQ_ECOSM	51.163	86	41	1	18	103	20	104	1.02e-21	85.1
1370	sp|B7NPG3|YBJQ_ECO7I	51.163	86	41	1	18	103	20	104	1.02e-21	85.1
1370	sp|P67286|YBJQ_SALTY	51.163	86	41	1	18	103	20	104	1.03e-21	85.1
1370	sp|P67287|YBJQ_SALTI	51.163	86	41	1	18	103	20	104	1.03e-21	85.1
1370	sp|B4TRP6|YBJQ_SALSV	51.163	86	41	1	18	103	20	104	1.03e-21	85.1
1370	sp|B5BBU4|YBJQ_SALPK	51.163	86	41	1	18	103	20	104	1.03e-21	85.1
1370	sp|A9N812|YBJQ_SALPB	51.163	86	41	1	18	103	20	104	1.03e-21	85.1
1370	sp|Q5PGL4|YBJQ_SALPA	51.163	86	41	1	18	103	20	104	1.03e-21	85.1
1370	sp|B4T0F2|YBJQ_SALNS	51.163	86	41	1	18	103	20	104	1.03e-21	85.1
1370	sp|B4TCZ1|YBJQ_SALHS	51.163	86	41	1	18	103	20	104	1.03e-21	85.1
1370	sp|B5R878|YBJQ_SALG2	51.163	86	41	1	18	103	20	104	1.03e-21	85.1
1370	sp|B5QYL4|YBJQ_SALEP	51.163	86	41	1	18	103	20	104	1.03e-21	85.1
1370	sp|Q57R70|YBJQ_SALCH	51.163	86	41	1	18	103	20	104	1.03e-21	85.1
1370	sp|A9MIK8|YBJQ_SALAR	51.163	86	41	1	18	103	20	104	1.03e-21	85.1
1370	sp|B5F111|YBJQ_SALA4	51.163	86	41	1	18	103	20	104	1.03e-21	85.1
1370	sp|Q9KKZ9|Y3751_VIBCH	52.941	85	39	1	18	102	20	103	1.06e-21	85.1
1370	sp|Q64ZQ7|Y270_BACFR	47.059	85	44	1	18	102	20	103	1.25e-21	84.7
1370	sp|Q5LIM4|Y226_BACFN	47.059	85	44	1	18	102	20	103	1.25e-21	84.7
1370	sp|Q82VN4|Y1032_NITEU	45.098	102	55	1	1	102	3	103	1.29e-21	84.7
1370	sp|B2VC34|Y2166_ERWT9	46.078	102	53	2	2	103	5	104	4.45e-21	83.6
1370	sp|A8AIP7|Y2237_CITK8	50.000	86	42	1	18	103	20	104	4.80e-21	83.2
1370	sp|A7MF54|Y2470_CROS8	50.000	86	42	1	18	103	20	104	5.90e-21	83.2
1370	sp|C6DEQ9|Y1703_PECCP	47.674	86	44	1	18	103	20	104	2.54e-20	81.6
1370	sp|Q8D461|YBG4_VIBVU	48.235	85	43	1	18	102	20	103	2.91e-20	81.3
1370	sp|Q7MFN7|Y4283_VIBVY	48.235	85	43	1	18	102	20	103	2.91e-20	81.3
1370	sp|Q10Y33|Y3795_TRIEI	41.905	105	58	3	1	103	3	106	2.94e-20	81.3
1370	sp|Q6D3S8|Y2666_PECAS	46.512	86	45	1	18	103	20	104	5.45e-20	80.5
1370	sp|Q7NLS3|Y1048_GLOVI	42.268	97	54	2	9	103	10	106	1.25e-19	79.7
1370	sp|Q5P4L8|Y1619_AROAE	41.748	103	57	3	1	102	3	103	2.09e-19	79.3
1370	sp|Q1GWB1|Y338_SPHAL	41.176	102	56	3	2	102	5	103	2.65e-19	79.0
1370	sp|B4RST1|Y2548_ALTMD	47.674	86	44	1	18	103	20	104	3.68e-19	78.6
1370	sp|Q4JY98|Y060_CORJK	43.564	101	54	2	2	102	5	102	3.92e-19	78.6
1370	sp|C4K578|Y1024_HAMD5	43.689	103	55	3	2	103	4	104	5.39e-19	78.2
1370	sp|Q72J87|Y892_THET2	51.220	82	39	1	22	103	24	104	6.18e-19	78.2
1370	sp|Q5SIV8|Y1256_THET8	51.220	82	39	1	22	103	24	104	6.18e-19	78.2
1370	sp|A1B937|Y3965_PARDP	45.882	85	42	1	18	102	20	100	1.14e-18	77.0
1370	sp|A8GCC2|Y1658_SERP5	45.349	86	46	1	18	103	20	104	1.32e-18	77.0
1370	sp|Q67PZ3|Y1265_SYMTH	44.118	102	53	2	2	103	5	102	1.62e-18	77.0
1370	sp|Q5LRV2|Y2021_RUEPO	48.235	85	41	1	18	102	20	101	2.02e-18	76.6
1370	sp|Q9CKF3|Y1668_PASMU	40.196	102	61	0	1	102	3	104	2.23e-18	76.6
1370	sp|Q1GH90|Y1243_RUEST	45.098	102	50	3	2	102	5	101	2.30e-18	76.6
1370	sp|Q4KB60|Y3418_PSEF5	41.176	102	58	2	2	103	5	104	2.73e-18	76.3
1370	sp|B9MPB0|Y545_CALBD	46.316	95	49	2	9	102	10	103	3.36e-18	76.3
1370	sp|B8FS83|Y3855_DESHD	42.353	85	48	1	18	102	20	103	4.60e-18	75.9
1370	sp|Q24U06|Y2697_DESHY	42.353	85	48	1	18	102	20	103	4.60e-18	75.9
1370	sp|Q3KFG8|Y1745_PSEPF	42.157	102	57	2	2	103	5	104	5.48e-18	75.5
1370	sp|O26607|Y507_METTH	36.275	102	65	0	1	102	3	104	5.51e-18	75.5
1370	sp|A4XHK5|Y771_CALS8	49.412	85	42	1	18	102	20	103	6.24e-18	75.5
1370	sp|B8GZD8|Y2462_CAUVN	36.893	103	63	2	1	102	2	103	1.97e-17	73.9
1370	sp|Q9A5S0|Y2377_CAUVC	36.893	103	63	2	1	102	2	103	1.97e-17	73.9
1370	sp|B7GSP5|Y093_BIFLS	45.349	86	46	1	18	103	21	105	2.05e-17	74.3
1370	sp|Q15TS6|Y2194_PSEA6	40.196	102	60	1	1	102	3	103	2.64e-17	73.9
1370	sp|Q5L046|Y1405_GEOKA	38.462	104	59	3	1	103	3	102	4.75e-17	73.2
1370	sp|A4WV36|Y2361_CERS5	43.529	85	44	1	18	102	20	100	5.37e-17	72.8
1370	sp|B1XLP1|Y1337_SYNP2	42.529	87	49	1	18	103	20	106	6.24e-17	72.8
1370	sp|B7GJU0|Y1588_ANOFW	39.216	102	58	2	2	103	5	102	9.63e-17	72.4
1370	sp|Q8G6S6|Y562_BIFLO	44.186	86	47	1	18	103	21	105	1.04e-16	72.4
1370	sp|B3DNU3|Y1357_BIFLD	44.186	86	47	1	18	103	21	105	1.04e-16	72.4
1370	sp|Q3J0S2|YK44_CERS4	43.529	85	44	1	18	102	20	100	1.14e-16	72.0
1370	sp|A3PLI0|Y2093_CERS1	43.529	85	44	1	18	102	20	100	1.14e-16	72.0
1370	sp|B9KKI5|Y1772_CERSK	43.529	85	44	1	18	102	20	100	1.14e-16	72.0
1370	sp|A5CYR8|Y2690_PELTS	39.806	103	56	3	2	103	5	102	2.07e-16	71.6
1370	sp|B2IZ57|Y4817_NOSP7	39.048	105	61	3	1	103	3	106	2.27e-16	71.6
1370	sp|Q73CH0|YA95_BACC1	38.235	102	59	2	2	103	5	102	2.46e-16	71.2
1370	sp|A5MZZ9|Y2433_CLOK5	38.835	103	60	3	1	102	3	103	2.60e-16	71.2
1370	sp|Q8VN02|Y208_LISGR	37.624	101	62	1	2	102	4	103	3.06e-16	71.2
1370	sp|Q6HMG1|Y921_BACHK	37.255	102	60	2	2	103	5	102	4.67e-16	70.5
1370	sp|Q63F05|Y904_BACCZ	37.255	102	60	2	2	103	5	102	4.67e-16	70.5
1370	sp|Q81H14|Y1012_BACCR	37.255	102	60	2	2	103	5	102	4.67e-16	70.5
1370	sp|Q81U83|Y1001_BACAN	37.255	102	60	2	2	103	5	102	4.67e-16	70.5
1370	sp|Q6HFZ7|Y3206_BACHK	38.235	102	59	2	2	103	5	102	5.04e-16	70.5
1370	sp|A3MZI3|Y465_ACTP2	39.216	102	61	1	1	102	3	103	6.06e-16	70.5
1370	sp|Q3AEW1|Y465_CARHZ	43.529	85	45	1	18	102	20	101	9.81e-16	69.7
1370	sp|A4J6G9|Y2155_DESRM	37.500	104	60	3	1	103	3	102	1.04e-15	69.7
1370	sp|Q3MG40|Y420_TRIV2	40.230	87	51	1	18	103	20	106	1.16e-15	69.7
1370	sp|A4IMT1|Y1265_GEOTN	40.698	86	48	1	18	103	20	102	1.45e-15	69.3
1370	sp|Q9RMY7|Y6552_BACAN	34.314	102	63	2	2	103	5	102	1.72e-15	68.9
1370	sp|Q8YU66|Y2488_NOSS1	39.080	87	52	1	18	103	20	106	1.73e-15	69.3
1370	sp|B3GX42|Y542_ACTP7	38.235	102	62	1	1	102	3	103	2.04e-15	68.9
1370	sp|B0BTW8|Y492_ACTPJ	38.235	102	62	1	1	102	3	103	2.04e-15	68.9
1370	sp|Q81EZ2|Y1816_BACCR	36.275	102	61	2	2	103	5	102	2.23e-15	68.9
1370	sp|Q749F2|Y2791_GEOSL	44.118	102	56	1	1	102	3	103	2.30e-15	68.9
1370	sp|Q815H3|Y5181_BACCR	37.255	102	60	2	2	103	5	102	2.93e-15	68.6
1370	sp|Q631H3|Y4874_BACCZ	37.255	102	60	2	2	103	5	102	2.93e-15	68.6
1370	sp|Q6HBA8|Y4859_BACHK	37.255	102	60	2	2	103	5	102	2.93e-15	68.6
1370	sp|Q72XT9|YGI4_BACC1	37.255	102	60	2	2	103	5	102	3.06e-15	68.6
1370	sp|B2TS86|Y2504_CLOBB	38.947	95	56	2	9	102	10	103	6.74e-15	67.8
1370	sp|Q0C2K0|Y1325_HYPNA	36.893	103	62	3	1	102	3	103	7.12e-15	67.8
1370	sp|P73346|Y1118_SYNY3	35.238	105	64	3	1	102	2	105	8.61e-15	67.4
1370	sp|A5W488|Y2816_PSEP1	47.573	103	50	3	2	103	5	104	9.44e-15	67.4
1370	sp|B2V5C5|Y2273_CLOBA	37.864	103	61	3	1	102	3	103	1.19e-14	67.0
1370	sp|Q1I984|Y3024_PSEE4	47.573	103	50	3	2	103	5	104	1.36e-14	67.0
1370	sp|Q165V7|Y2695_ROSDO	35.922	103	61	3	1	102	3	101	2.38e-14	66.2
1370	sp|B0KUX1|Y2909_PSEPG	46.602	103	51	3	2	103	5	104	3.11e-14	65.9
1370	sp|Q8VMY3|Y208_LISIV	35.294	102	65	1	1	102	3	103	3.35e-14	65.9
1370	sp|Q7VLS2|Y1349_HAEDU	36.275	102	63	1	1	102	3	102	4.44e-14	65.5
1370	sp|B8DGL7|Y2435_LISMH	35.294	102	65	1	1	102	3	103	5.12e-14	65.5
1370	sp|P0A4Q9|Y240_LISIN	35.294	102	65	1	1	102	3	103	5.12e-14	65.5
1370	sp|Q724K5|Y219_LISMF	35.294	102	65	1	1	102	3	103	5.12e-14	65.5
1370	sp|P0A4Q8|Y208_LISMO	35.294	102	65	1	1	102	3	103	5.12e-14	65.5
1370	sp|C1KYE1|Y206_LISMC	35.294	102	65	1	1	102	3	103	5.12e-14	65.5
1370	sp|Q8VMW4|Y194_LISSS	34.314	102	66	1	1	102	3	103	5.64e-14	65.5
1370	sp|Q8VL64|Y208_LISWE	35.294	102	65	1	1	102	3	103	1.00e-13	64.7
1370	sp|A0AF06|Y170_LISW6	35.294	102	65	1	1	102	3	103	1.00e-13	64.7
1370	sp|Q9KDV0|Y1111_HALH5	37.255	102	60	2	2	103	5	102	1.20e-13	64.3
1370	sp|C0QTV2|Y324_PERMH	38.835	103	57	3	1	102	3	100	1.50e-13	64.3
1370	sp|Q88IX6|Y2873_PSEPK	46.602	103	51	3	2	103	5	104	1.67e-13	63.9
1370	sp|A3DCF7|Y398_ACET2	36.471	85	53	1	18	102	20	103	3.92e-13	63.2
1370	sp|B1J865|Y2377_PSEPW	46.602	103	51	3	2	103	5	104	4.32e-13	63.2
1370	sp|A5GME5|Y1684_SYNPW	33.010	103	65	3	1	102	3	102	7.94e-13	62.4
1370	sp|Q7UUW5|Y3016_RHOBA	39.506	81	46	1	22	102	24	101	2.29e-12	61.2
1370	sp|Q2JSI0|Y2258_SYNJA	30.769	104	66	4	1	103	3	101	7.88e-12	59.7
1370	sp|Q2JLT0|Y1351_SYNJB	30.769	104	66	4	1	103	3	101	3.11e-11	58.2
1374	sp|P71298|INTF_ECOLI	40.868	438	233	8	10	430	30	458	1.01e-105	324
1407	sp|Q58615|T1S2_METJA	26.860	242	141	9	41	264	70	293	4.18e-17	87.0
1410	sp|P08956|T1RK_ECOLI	27.848	632	328	25	12	548	248	846	4.11e-42	171
1410	sp|Q07736|T1RA_ECOLX	27.437	554	344	21	1	527	6	528	8.44e-41	165
1410	sp|Q47281|T1RE_ECOLX	27.592	569	344	25	4	545	10	537	1.45e-36	152
1489	sp|Q81ST7|BSHA_BACAN	25.114	219	151	3	130	335	147	365	1.46e-12	71.2
1659	sp|Q9FN03|UVR8_ARATH	32.303	356	217	7	234	578	19	361	3.78e-44	169
1659	sp|Q9FN03|UVR8_ARATH	31.319	364	237	7	395	745	15	378	9.59e-41	159
1659	sp|Q9FN03|UVR8_ARATH	31.322	348	225	7	600	933	20	367	7.12e-39	154
1659	sp|Q9FN03|UVR8_ARATH	29.282	362	243	8	547	895	17	378	7.34e-34	139
1659	sp|Q9FN03|UVR8_ARATH	27.473	364	250	7	495	844	15	378	4.12e-33	137
1659	sp|Q9FN03|UVR8_ARATH	32.374	139	89	3	794	927	15	153	1.22e-11	71.6
1659	sp|Q15751|HERC1_HUMAN	31.362	389	233	10	284	656	359	729	8.42e-40	164
1659	sp|Q15751|HERC1_HUMAN	29.907	428	266	11	202	611	323	734	3.49e-35	149
1659	sp|Q15751|HERC1_HUMAN	29.427	384	246	10	239	611	3990	4359	2.71e-31	137
1659	sp|Q15751|HERC1_HUMAN	27.603	413	264	10	550	933	346	752	1.87e-30	134
1659	sp|Q15751|HERC1_HUMAN	30.000	340	217	9	616	938	374	709	3.67e-30	133
1659	sp|Q15751|HERC1_HUMAN	27.624	362	245	8	416	761	3999	4359	1.75e-26	121
1659	sp|Q15751|HERC1_HUMAN	26.873	387	264	9	566	934	3999	4384	6.95e-24	113
1659	sp|Q15751|HERC1_HUMAN	30.901	233	143	6	235	461	4139	4359	5.48e-16	87.4
1659	sp|Q5GLZ8|HERC4_HUMAN	33.616	354	209	10	303	643	3	343	1.85e-38	159
1659	sp|Q5GLZ8|HERC4_HUMAN	31.378	341	219	9	418	743	3	343	5.93e-36	151
1659	sp|Q5GLZ8|HERC4_HUMAN	33.528	343	209	10	568	893	3	343	3.86e-33	142
1659	sp|Q5GLZ8|HERC4_HUMAN	30.000	360	218	11	251	593	1	343	7.00e-31	134
1659	sp|Q5GLZ8|HERC4_HUMAN	30.645	310	200	7	618	912	3	312	3.21e-29	129
1659	sp|Q5GLZ8|HERC4_HUMAN	32.278	316	190	7	238	543	42	343	6.80e-29	128
1659	sp|Q5GLZ8|HERC4_HUMAN	30.584	291	173	9	212	493	73	343	1.03e-28	127
1659	sp|Q5PQN1|HERC4_RAT	33.051	354	211	10	303	643	3	343	2.25e-38	159
1659	sp|Q5PQN1|HERC4_RAT	31.672	341	218	9	418	743	3	343	5.72e-38	157
1659	sp|Q5PQN1|HERC4_RAT	33.236	343	210	10	568	893	3	343	1.01e-33	144
1659	sp|Q5PQN1|HERC4_RAT	30.278	360	217	11	251	593	1	343	4.38e-32	139
1659	sp|Q5PQN1|HERC4_RAT	30.547	311	199	8	618	912	3	312	1.16e-29	130
1659	sp|Q5PQN1|HERC4_RAT	30.584	291	173	9	212	493	73	343	1.07e-28	127
1659	sp|Q5PQN1|HERC4_RAT	31.646	316	192	7	238	543	42	343	1.84e-28	127
1659	sp|Q6PAV2|HERC4_MOUSE	33.051	354	211	10	303	643	3	343	3.61e-38	158
1659	sp|Q6PAV2|HERC4_MOUSE	31.965	341	217	9	418	743	3	343	1.02e-37	156
1659	sp|Q6PAV2|HERC4_MOUSE	32.945	343	211	10	568	893	3	343	3.42e-33	142
1659	sp|Q6PAV2|HERC4_MOUSE	29.722	360	219	11	251	593	1	343	2.24e-31	136
1659	sp|Q6PAV2|HERC4_MOUSE	29.582	311	202	8	618	912	3	312	4.50e-29	129
1659	sp|Q6PAV2|HERC4_MOUSE	32.177	317	189	8	238	543	42	343	1.44e-28	127
1659	sp|Q6PAV2|HERC4_MOUSE	29.897	291	175	9	212	493	73	343	5.18e-28	125
1659	sp|O95714|HERC2_HUMAN	30.027	373	243	8	413	767	3951	4323	4.32e-35	149
1659	sp|O95714|HERC2_HUMAN	29.412	374	235	7	299	656	3952	4312	5.72e-33	142
1659	sp|O95714|HERC2_HUMAN	28.205	390	250	11	551	916	2948	3331	2.96e-32	140
1659	sp|O95714|HERC2_HUMAN	30.027	373	240	9	409	761	2954	3325	7.02e-32	139
1659	sp|O95714|HERC2_HUMAN	29.144	374	247	7	354	709	3942	4315	4.48e-31	136
1659	sp|O95714|HERC2_HUMAN	28.947	342	227	6	463	788	3951	4292	2.29e-30	134
1659	sp|O95714|HERC2_HUMAN	30.678	339	206	7	244	567	3999	4323	2.63e-30	134
1659	sp|O95714|HERC2_HUMAN	27.481	393	260	8	239	617	3942	4323	3.89e-30	133
1659	sp|O95714|HERC2_HUMAN	29.737	380	237	9	570	931	2927	3294	5.57e-29	129
1659	sp|O95714|HERC2_HUMAN	32.331	266	163	5	235	494	4044	4298	1.67e-28	128
1659	sp|O95714|HERC2_HUMAN	28.610	374	246	8	563	916	3951	4323	1.71e-28	128
1659	sp|O95714|HERC2_HUMAN	29.097	299	192	7	334	612	480	778	2.28e-27	124
1659	sp|O95714|HERC2_HUMAN	29.480	346	215	9	176	509	2995	3323	6.62e-27	122
1659	sp|O95714|HERC2_HUMAN	28.107	338	214	7	613	927	3951	4282	1.39e-25	118
1659	sp|O95714|HERC2_HUMAN	30.242	248	158	5	539	772	490	736	1.31e-23	112
1659	sp|O95714|HERC2_HUMAN	28.763	299	179	8	237	519	502	782	1.90e-22	108
1659	sp|O95714|HERC2_HUMAN	25.294	340	224	8	575	894	429	758	9.39e-22	106
1659	sp|O95714|HERC2_HUMAN	27.044	318	201	8	625	921	429	736	3.88e-20	100
1659	sp|O95714|HERC2_HUMAN	27.106	273	170	7	675	928	429	691	1.45e-16	89.4
1659	sp|O95714|HERC2_HUMAN	30.738	244	148	6	714	936	3952	4195	6.65e-15	84.0
1659	sp|O95714|HERC2_HUMAN	27.354	223	143	3	235	451	556	765	1.74e-13	79.0
1659	sp|Q4U2R1|HERC2_MOUSE	30.027	373	243	8	413	767	3953	4325	7.61e-35	148
1659	sp|Q4U2R1|HERC2_MOUSE	29.412	374	235	7	299	656	3954	4314	6.91e-33	142
1659	sp|Q4U2R1|HERC2_MOUSE	28.533	375	240	10	566	916	2962	3332	6.50e-32	139
1659	sp|Q4U2R1|HERC2_MOUSE	30.055	366	235	9	416	761	2962	3326	1.55e-31	137
1659	sp|Q4U2R1|HERC2_MOUSE	29.144	374	247	7	354	709	3944	4317	5.41e-31	136
1659	sp|Q4U2R1|HERC2_MOUSE	30.678	339	206	7	244	567	4001	4325	3.14e-30	133
1659	sp|Q4U2R1|HERC2_MOUSE	28.655	342	228	6	463	788	3953	4294	3.92e-30	133
1659	sp|Q4U2R1|HERC2_MOUSE	27.481	393	260	8	239	617	3944	4325	4.81e-30	133
1659	sp|Q4U2R1|HERC2_MOUSE	29.737	380	237	9	570	931	2928	3295	1.12e-28	128
1659	sp|Q4U2R1|HERC2_MOUSE	28.610	374	246	8	563	916	3953	4325	1.98e-28	127
1659	sp|Q4U2R1|HERC2_MOUSE	31.955	266	164	5	235	494	4046	4300	2.98e-28	127
1659	sp|Q4U2R1|HERC2_MOUSE	29.450	309	196	8	326	612	471	779	1.14e-27	125
1659	sp|Q4U2R1|HERC2_MOUSE	30.323	310	187	8	214	509	3030	3324	2.27e-26	121
1659	sp|Q4U2R1|HERC2_MOUSE	28.614	332	220	7	613	927	3953	4284	1.62e-25	118
1659	sp|Q4U2R1|HERC2_MOUSE	29.839	248	159	5	539	772	491	737	2.13e-23	111
1659	sp|Q4U2R1|HERC2_MOUSE	28.428	299	180	8	237	519	503	783	2.74e-22	107
1659	sp|Q4U2R1|HERC2_MOUSE	25.507	345	227	8	575	899	430	764	1.10e-21	105
1659	sp|Q4U2R1|HERC2_MOUSE	26.730	318	202	8	625	921	430	737	1.62e-18	95.5
1659	sp|Q4U2R1|HERC2_MOUSE	26.740	273	171	7	675	928	430	692	6.82e-15	83.6
1659	sp|Q4U2R1|HERC2_MOUSE	30.738	244	148	6	714	936	3954	4197	9.24e-15	83.2
1659	sp|Q4U2R1|HERC2_MOUSE	26.906	223	144	3	235	451	557	766	2.17e-13	79.0
1659	sp|Q9VR91|HERC2_DROME	29.443	377	237	7	300	660	4050	4413	9.78e-35	148
1659	sp|Q9VR91|HERC2_DROME	28.726	369	245	7	413	763	4048	4416	2.63e-32	140
1659	sp|Q9VR91|HERC2_DROME	29.945	364	235	9	365	709	2987	3349	5.93e-32	139
1659	sp|Q9VR91|HERC2_DROME	29.491	373	234	8	300	656	2987	3346	8.49e-32	139
1659	sp|Q9VR91|HERC2_DROME	28.934	394	254	11	388	759	2960	3349	1.91e-31	137
1659	sp|Q9VR91|HERC2_DROME	29.945	364	237	8	365	710	4050	4413	2.14e-31	137
1659	sp|Q9VR91|HERC2_DROME	28.378	370	240	7	254	609	2991	3349	2.56e-31	137
1659	sp|Q9VR91|HERC2_DROME	31.379	290	176	5	284	563	4140	4416	3.95e-31	136
1659	sp|Q9VR91|HERC2_DROME	28.418	373	246	8	512	863	4044	4416	1.38e-30	134
1659	sp|Q9VR91|HERC2_DROME	31.724	290	171	7	235	512	4141	4415	1.66e-29	131
1659	sp|Q9VR91|HERC2_DROME	32.877	292	166	8	235	514	3078	3351	3.52e-29	130
1659	sp|Q9VR91|HERC2_DROME	27.989	368	244	8	565	912	4050	4416	1.18e-28	128
1659	sp|Q9VR91|HERC2_DROME	29.819	332	216	7	613	927	4048	4379	8.53e-28	125
1659	sp|Q9VR91|HERC2_DROME	28.646	384	248	12	549	908	2968	3349	1.42e-27	125
1659	sp|Q9VR91|HERC2_DROME	29.394	330	216	7	615	927	2987	3316	3.58e-26	120
1659	sp|Q9VR91|HERC2_DROME	31.579	247	144	6	291	527	627	858	6.36e-22	106
1659	sp|Q9VR91|HERC2_DROME	30.189	265	165	6	396	642	614	876	3.02e-20	101
1659	sp|Q9VR91|HERC2_DROME	29.434	265	157	7	241	491	627	875	5.32e-20	100
1659	sp|Q9VR91|HERC2_DROME	29.515	227	147	5	715	928	2987	3213	2.24e-17	92.0
1659	sp|Q9VR91|HERC2_DROME	27.344	256	172	5	606	847	627	882	4.75e-16	87.4
1659	sp|Q9VR91|HERC2_DROME	30.396	227	145	5	715	928	4050	4276	3.59e-15	84.7
1659	sp|Q9VR91|HERC2_DROME	27.848	237	158	6	669	892	640	876	1.12e-14	83.2
1659	sp|Q9VR91|HERC2_DROME	26.800	250	170	6	506	742	627	876	1.81e-14	82.4
1659	sp|Q9VR91|HERC2_DROME	27.485	171	117	3	756	919	627	797	6.40e-13	77.4
1659	sp|Q8IVU3|HERC6_HUMAN	33.125	320	191	11	467	771	3	314	2.67e-30	132
1659	sp|Q8IVU3|HERC6_HUMAN	30.789	380	217	16	568	916	4	368	2.48e-26	120
1659	sp|Q8IVU3|HERC6_HUMAN	32.558	301	173	12	236	521	29	314	5.91e-26	119
1659	sp|Q8IVU3|HERC6_HUMAN	30.514	331	196	11	253	570	4	313	1.76e-25	117
1659	sp|Q8IVU3|HERC6_HUMAN	29.282	362	210	14	368	705	4	343	7.20e-23	108
1659	sp|Q8IVU3|HERC6_HUMAN	31.273	275	165	9	668	927	4	269	8.91e-19	95.9
1659	sp|Q8IVU3|HERC6_HUMAN	32.258	248	146	8	234	471	79	314	1.31e-18	95.1
1659	sp|Q8IVU3|HERC6_HUMAN	33.333	207	111	6	221	420	127	313	2.36e-15	84.7
1659	sp|Q15034|HERC3_HUMAN	31.361	338	217	9	466	788	1	338	3.39e-29	129
1659	sp|Q15034|HERC3_HUMAN	31.977	344	213	12	418	743	3	343	6.39e-27	122
1659	sp|Q15034|HERC3_HUMAN	32.051	312	197	9	595	893	34	343	4.27e-26	119
1659	sp|Q15034|HERC3_HUMAN	31.471	340	217	9	518	841	3	342	9.22e-25	115
1659	sp|Q15034|HERC3_HUMAN	30.982	326	209	8	618	927	3	328	4.43e-24	113
1659	sp|Q15034|HERC3_HUMAN	28.840	319	203	8	235	543	39	343	1.65e-20	101
1659	sp|Q15034|HERC3_HUMAN	32.246	276	170	9	668	928	3	276	5.50e-20	99.8
1659	sp|Q6P798|RCBT2_RAT	33.453	278	160	9	255	520	71	335	8.28e-28	122
1659	sp|Q6P798|RCBT2_RAT	37.004	227	132	7	356	571	110	336	4.35e-25	114
1659	sp|Q6P798|RCBT2_RAT	33.083	266	163	8	670	920	71	336	2.27e-24	112
1659	sp|Q6P798|RCBT2_RAT	35.088	228	135	7	556	771	110	336	4.01e-23	108
1659	sp|Q6P798|RCBT2_RAT	33.906	233	143	5	420	641	71	303	4.38e-23	108
1659	sp|Q6P798|RCBT2_RAT	31.441	229	144	7	711	927	63	290	1.78e-15	84.3
1659	sp|Q6P798|RCBT2_RAT	28.718	195	116	6	235	421	157	336	7.23e-11	69.7
1659	sp|F2Z461|HERC6_MOUSE	33.099	284	175	9	503	771	30	313	1.03e-27	124
1659	sp|F2Z461|HERC6_MOUSE	32.056	287	168	9	236	509	28	300	1.00e-26	121
1659	sp|F2Z461|HERC6_MOUSE	29.856	278	181	8	346	609	23	300	8.18e-25	115
1659	sp|F2Z461|HERC6_MOUSE	30.405	296	172	10	596	857	23	318	1.13e-24	114
1659	sp|F2Z461|HERC6_MOUSE	32.443	262	164	7	396	644	23	284	6.15e-24	112
1659	sp|F2Z461|HERC6_MOUSE	30.182	275	168	7	281	544	23	284	6.51e-23	109
1659	sp|F2Z461|HERC6_MOUSE	28.897	263	157	8	234	486	78	320	1.31e-16	89.0
1659	sp|F2Z461|HERC6_MOUSE	29.756	205	132	6	735	927	9	213	2.94e-12	74.7
1659	sp|Q8NDN9|RCBT1_HUMAN	31.343	268	171	5	386	641	13	279	2.75e-27	120
1659	sp|Q8NDN9|RCBT1_HUMAN	34.520	281	155	9	254	520	46	311	2.85e-26	117
1659	sp|Q8NDN9|RCBT1_HUMAN	30.100	299	194	6	637	920	14	312	2.06e-25	115
1659	sp|Q8NDN9|RCBT1_HUMAN	30.897	301	192	7	436	721	13	312	5.49e-25	114
1659	sp|Q8NDN9|RCBT1_HUMAN	32.222	270	169	6	516	771	43	312	2.73e-22	105
1659	sp|Q8NDN9|RCBT1_HUMAN	31.140	228	145	5	712	927	39	266	4.44e-15	82.8
1659	sp|Q8NDN9|RCBT1_HUMAN	30.769	195	112	6	235	421	133	312	5.06e-12	73.2
1659	sp|Q99LJ7|RCBT2_MOUSE	33.453	278	160	9	255	520	71	335	3.25e-27	120
1659	sp|Q99LJ7|RCBT2_MOUSE	33.835	266	161	8	670	920	71	336	2.22e-25	115
1659	sp|Q99LJ7|RCBT2_MOUSE	36.564	227	133	7	356	571	110	336	1.18e-24	113
1659	sp|Q99LJ7|RCBT2_MOUSE	35.088	228	135	7	556	771	110	336	5.19e-23	107
1659	sp|Q99LJ7|RCBT2_MOUSE	33.906	233	143	5	420	641	71	303	1.10e-22	107
1659	sp|Q99LJ7|RCBT2_MOUSE	31.441	229	144	7	711	927	63	290	2.20e-15	84.0
1659	sp|Q99LJ7|RCBT2_MOUSE	28.718	195	116	6	235	421	157	336	7.29e-11	69.7
1659	sp|Q6NXM2|RCBT1_MOUSE	34.164	281	156	9	254	520	46	311	4.97e-26	117
1659	sp|Q6NXM2|RCBT1_MOUSE	30.597	268	173	5	386	641	13	279	1.19e-25	115
1659	sp|Q6NXM2|RCBT1_MOUSE	32.593	270	167	6	666	920	43	312	2.59e-24	111
1659	sp|Q6NXM2|RCBT1_MOUSE	29.568	301	196	7	436	721	13	312	7.32e-24	110
1659	sp|Q6NXM2|RCBT1_MOUSE	32.599	227	142	5	356	571	86	312	5.47e-21	101
1659	sp|Q6NXM2|RCBT1_MOUSE	30.741	270	173	6	516	771	43	312	1.03e-20	100
1659	sp|Q6NXM2|RCBT1_MOUSE	30.263	228	147	5	712	927	39	266	1.09e-14	81.6
1659	sp|Q6NXM2|RCBT1_MOUSE	30.769	195	112	6	235	421	133	312	2.22e-12	74.3
1659	sp|P28745|RCC1_SCHPO	28.022	364	221	12	253	579	75	434	6.97e-26	116
1659	sp|P28745|RCC1_SCHPO	27.747	364	213	10	466	780	73	435	7.25e-25	113
1659	sp|P28745|RCC1_SCHPO	26.799	403	228	13	411	754	68	462	3.36e-23	108
1659	sp|P28745|RCC1_SCHPO	26.601	406	234	13	587	938	49	444	3.25e-22	105
1659	sp|P28745|RCC1_SCHPO	28.184	369	205	12	307	630	82	435	4.94e-22	104
1659	sp|P28745|RCC1_SCHPO	27.596	366	202	12	532	847	98	450	3.03e-21	102
1659	sp|P28745|RCC1_SCHPO	27.931	290	173	8	226	491	170	447	4.43e-20	98.6
1659	sp|P28745|RCC1_SCHPO	27.794	349	203	10	397	701	110	453	1.68e-18	94.0
1659	sp|P28745|RCC1_SCHPO	30.453	243	135	10	235	453	231	463	6.64e-15	82.4
1659	sp|P28745|RCC1_SCHPO	25.076	327	190	10	235	520	113	425	5.54e-13	76.3
1659	sp|Q5RCZ7|RCBT2_PONAB	32.014	278	164	8	255	520	71	335	3.64e-25	114
1659	sp|Q5RCZ7|RCBT2_PONAB	34.545	220	132	6	713	920	117	336	3.70e-23	108
1659	sp|Q5RCZ7|RCBT2_PONAB	35.242	227	136	7	356	571	110	336	6.65e-23	107
1659	sp|Q5RCZ7|RCBT2_PONAB	35.088	228	135	7	556	771	110	336	1.49e-22	106
1659	sp|Q5RCZ7|RCBT2_PONAB	34.468	235	141	6	420	642	71	304	1.51e-22	106
1659	sp|Q5RCZ7|RCBT2_PONAB	31.004	229	145	7	711	927	63	290	5.01e-14	79.7
1659	sp|Q5RCZ7|RCBT2_PONAB	28.718	195	116	5	235	421	157	336	2.84e-11	70.9
1659	sp|O95199|RCBT2_HUMAN	32.014	278	164	8	255	520	71	335	3.64e-25	114
1659	sp|O95199|RCBT2_HUMAN	34.545	220	132	6	713	920	117	336	3.70e-23	108
1659	sp|O95199|RCBT2_HUMAN	35.242	227	136	7	356	571	110	336	6.65e-23	107
1659	sp|O95199|RCBT2_HUMAN	35.088	228	135	7	556	771	110	336	1.49e-22	106
1659	sp|O95199|RCBT2_HUMAN	34.468	235	141	6	420	642	71	304	1.51e-22	106
1659	sp|O95199|RCBT2_HUMAN	31.004	229	145	7	711	927	63	290	5.01e-14	79.7
1659	sp|O95199|RCBT2_HUMAN	28.718	195	116	5	235	421	157	336	2.84e-11	70.9
1659	sp|Q9FJG9|RUG3_ARATH	28.426	394	241	12	304	661	53	441	5.46e-25	112
1659	sp|Q9FJG9|RUG3_ARATH	31.186	295	177	10	235	512	157	442	2.66e-24	110
1659	sp|Q9FJG9|RUG3_ARATH	28.061	392	232	12	369	712	53	442	2.94e-24	110
1659	sp|Q9FJG9|RUG3_ARATH	28.707	317	207	8	548	846	104	419	4.01e-23	107
1659	sp|Q9FJG9|RUG3_ARATH	27.692	390	223	12	251	599	50	421	2.20e-22	104
1659	sp|Q9FJG9|RUG3_ARATH	25.956	366	217	9	619	938	53	410	4.30e-19	94.7
1659	sp|Q3MHW0|SRGEF_BOVIN	28.146	437	249	13	235	653	1	390	1.44e-24	111
1659	sp|Q3MHW0|SRGEF_BOVIN	28.653	349	202	13	604	909	4	348	1.35e-15	84.3
1659	sp|Q3MHW0|SRGEF_BOVIN	27.513	378	226	14	559	894	10	381	3.97e-15	82.8
1659	sp|Q80YD6|SRGEF_MOUSE	27.045	440	225	14	240	644	3	381	2.10e-23	108
1659	sp|Q80YD6|SRGEF_MOUSE	27.160	405	240	16	405	760	3	401	1.55e-20	99.4
1659	sp|Q80YD6|SRGEF_MOUSE	26.648	364	213	12	235	560	54	401	3.43e-17	89.0
1659	sp|Q80YD6|SRGEF_MOUSE	28.180	401	241	18	505	860	3	401	5.36e-16	85.5
1659	sp|Q80YD6|SRGEF_MOUSE	26.420	405	242	15	555	909	3	401	7.08e-14	79.0
1659	sp|Q8VE37|RCC1_MOUSE	27.877	391	249	11	405	762	26	416	2.32e-23	107
1659	sp|Q8VE37|RCC1_MOUSE	26.097	433	252	14	247	661	33	415	1.58e-22	105
1659	sp|Q8VE37|RCC1_MOUSE	28.232	379	240	10	456	802	27	405	6.21e-21	100
1659	sp|Q8VE37|RCC1_MOUSE	27.946	297	200	7	220	502	108	404	1.19e-18	93.2
1659	sp|Q8VE37|RCC1_MOUSE	25.570	395	260	8	556	916	27	421	1.58e-15	83.6
1659	sp|Q8VE37|RCC1_MOUSE	26.136	352	230	7	606	927	27	378	2.86e-15	82.8
1659	sp|Q947D2|PRAF1_ARATH	27.536	345	218	8	328	646	270	608	3.33e-23	110
1659	sp|Q947D2|PRAF1_ARATH	28.736	348	212	11	431	746	265	608	5.57e-23	109
1659	sp|Q947D2|PRAF1_ARATH	29.041	365	217	12	464	788	238	600	2.15e-21	104
1659	sp|Q947D2|PRAF1_ARATH	26.163	344	220	10	587	900	273	612	3.17e-18	94.0
1659	sp|Q947D2|PRAF1_ARATH	25.915	328	212	9	631	928	265	591	4.61e-18	93.6
1659	sp|Q947D2|PRAF1_ARATH	26.923	286	171	7	234	496	338	608	4.82e-17	90.1
1659	sp|Q947D2|PRAF1_ARATH	26.608	342	208	10	281	595	282	607	6.27e-16	86.7
1659	sp|Q947D2|PRAF1_ARATH	26.453	344	210	11	231	547	282	609	1.04e-15	85.9
1659	sp|Q6NYE2|RCC2_DANRE	29.683	347	194	15	356	660	134	472	4.69e-23	107
1659	sp|Q6NYE2|RCC2_DANRE	26.406	409	239	15	396	787	88	451	2.05e-15	84.0
1659	sp|Q6NYE2|RCC2_DANRE	26.061	330	179	13	290	579	133	437	2.97e-15	83.2
1659	sp|Q6NYE2|RCC2_DANRE	24.272	309	184	10	656	924	134	432	1.08e-11	72.0
1659	sp|P23800|RCC1_MESAU	27.621	391	250	11	405	762	26	416	8.24e-23	105
1659	sp|P23800|RCC1_MESAU	25.740	439	258	14	241	661	27	415	5.38e-22	103
1659	sp|P23800|RCC1_MESAU	28.283	297	199	7	220	502	108	404	3.13e-19	95.1
1659	sp|P23800|RCC1_MESAU	25.316	395	261	8	556	916	27	421	6.58e-15	81.6
1659	sp|P18754|RCC1_HUMAN	27.366	391	251	11	405	762	26	416	2.21e-22	104
1659	sp|P18754|RCC1_HUMAN	25.635	433	254	13	247	661	33	415	4.36e-22	103
1659	sp|P18754|RCC1_HUMAN	28.283	297	199	7	220	502	108	404	4.38e-19	94.4
1659	sp|P18754|RCC1_HUMAN	24.344	419	277	9	533	916	8	421	7.66e-15	81.6
1659	sp|Q9UII4|HERC5_HUMAN	31.102	254	158	6	549	794	101	345	6.20e-22	105
1659	sp|Q9UII4|HERC5_HUMAN	34.597	211	130	5	540	742	133	343	8.36e-22	105
1659	sp|Q9UII4|HERC5_HUMAN	31.783	258	155	8	645	892	97	343	1.25e-21	105
1659	sp|Q9UII4|HERC5_HUMAN	35.047	214	120	6	235	442	143	343	2.63e-21	103
1659	sp|Q9UII4|HERC5_HUMAN	30.942	223	137	5	275	492	133	343	5.03e-19	96.7
1659	sp|Q9UII4|HERC5_HUMAN	30.435	253	157	6	349	592	101	343	1.06e-18	95.5
1659	sp|Q9UII4|HERC5_HUMAN	29.630	189	120	4	745	928	97	277	4.52e-11	70.9
1659	sp|P25183|RCC1_XENLA	27.424	361	229	8	333	661	61	420	2.00e-21	101
1659	sp|P25183|RCC1_XENLA	26.154	390	256	9	406	763	33	422	1.98e-20	98.6
1659	sp|P25183|RCC1_XENLA	25.000	360	226	10	231	560	74	419	2.87e-17	89.0
1659	sp|P25183|RCC1_XENLA	26.685	356	233	8	464	791	41	396	1.77e-16	86.7
1659	sp|P25183|RCC1_XENLA	26.496	351	229	9	606	927	33	383	7.38e-13	75.5
1659	sp|Q9R0X5|RPGR_MOUSE	28.235	340	208	12	460	780	8	330	7.55e-20	99.4
1659	sp|Q9R0X5|RPGR_MOUSE	27.740	292	199	8	600	880	40	330	4.11e-17	90.5
1659	sp|Q9R0X5|RPGR_MOUSE	27.760	317	204	11	224	528	25	328	4.37e-17	90.5
1659	sp|Q9R0X5|RPGR_MOUSE	28.438	320	210	11	335	638	24	340	9.11e-17	89.4
1659	sp|Q9R0X5|RPGR_MOUSE	26.897	290	199	7	650	927	40	328	2.96e-15	84.3
1659	sp|Q9R0X5|RPGR_MOUSE	28.758	306	183	10	288	578	43	328	4.07e-14	80.9
1659	sp|Q92834|RPGR_HUMAN	28.829	333	215	10	460	780	8	330	3.92e-19	97.1
1659	sp|Q92834|RPGR_HUMAN	29.795	292	193	7	398	678	38	328	9.74e-18	92.4
1659	sp|Q92834|RPGR_HUMAN	27.815	302	197	7	235	528	40	328	1.31e-16	89.0
1659	sp|Q92834|RPGR_HUMAN	28.852	305	203	9	347	638	37	340	1.62e-16	88.6
1659	sp|Q92834|RPGR_HUMAN	26.962	293	200	7	600	880	40	330	1.87e-15	85.1
1659	sp|Q92834|RPGR_HUMAN	26.284	331	222	9	410	728	8	328	3.40e-14	80.9
1659	sp|Q92834|RPGR_HUMAN	28.146	302	190	9	288	578	43	328	3.49e-14	80.9
1659	sp|Q9UGK8|SRGEF_HUMAN	28.689	366	201	13	235	560	54	399	4.18e-19	95.1
1659	sp|Q9UGK8|SRGEF_HUMAN	27.384	409	226	13	257	644	23	381	6.43e-18	91.3
1659	sp|Q9UGK8|SRGEF_HUMAN	27.225	382	230	14	422	760	23	399	1.09e-15	84.3
1659	sp|Q9UGK8|SRGEF_HUMAN	26.254	339	205	10	595	894	49	381	1.74e-11	71.2
1659	sp|Q5DX34|RPGRH_CAEEL	28.060	335	191	10	349	634	774	1107	4.94e-19	97.1
1659	sp|Q5DX34|RPGRH_CAEEL	27.119	354	187	12	235	536	775	1109	2.71e-15	84.7
1659	sp|Q5DX34|RPGRH_CAEEL	25.680	331	194	10	499	779	774	1102	5.36e-14	80.5
1659	sp|Q9N1T2|RPGR_CANLF	29.429	333	200	11	224	538	25	340	2.25e-18	94.4
1659	sp|Q9N1T2|RPGR_CANLF	28.425	292	196	7	648	927	38	328	6.21e-17	89.7
1659	sp|Q9N1T2|RPGR_CANLF	27.055	292	201	6	600	880	40	330	3.55e-15	84.3
1659	sp|Q9N1T2|RPGR_CANLF	28.146	302	190	9	288	578	43	328	2.36e-14	81.6
1659	sp|Q9N1T2|RPGR_CANLF	26.481	287	199	7	453	728	43	328	9.97e-14	79.3
1659	sp|Q9N1T2|RPGR_CANLF	25.253	297	193	10	214	498	71	350	2.12e-11	72.0
1659	sp|P21827|RCC1_YEAST	22.791	430	262	12	428	788	10	438	4.30e-18	92.0
1659	sp|P21827|RCC1_YEAST	24.933	373	226	10	251	570	48	419	6.14e-18	91.7
1659	sp|P21827|RCC1_YEAST	23.760	383	218	11	301	620	48	419	4.63e-13	76.3
1659	sp|P21827|RCC1_YEAST	23.396	265	165	9	235	473	170	422	3.53e-12	73.6
1659	sp|Q8SSY6|SPKUL_DICDI	28.495	372	233	10	395	738	188	554	1.35e-17	92.4
1659	sp|Q8SSY6|SPKUL_DICDI	25.879	398	250	13	528	888	165	554	1.00e-13	79.7
1659	sp|Q8SSY6|SPKUL_DICDI	31.050	219	129	7	235	438	343	554	1.27e-13	79.3
1659	sp|P25171|RCC1_DROME	27.451	357	223	12	414	741	42	391	1.69e-17	90.5
1659	sp|P25171|RCC1_DROME	25.581	387	242	13	341	699	70	438	3.42e-15	83.6
1659	sp|P25171|RCC1_DROME	25.688	327	215	10	541	842	70	393	1.54e-13	78.2
1659	sp|P25171|RCC1_DROME	26.687	326	198	12	235	543	131	432	7.33e-13	75.9
1659	sp|Q54VW7|GACGG_DICDI	26.006	323	206	10	514	826	14	313	2.02e-16	88.2
1659	sp|Q54VW7|GACGG_DICDI	25.526	333	206	12	362	680	12	316	9.82e-16	86.3
1659	sp|Q54VW7|GACGG_DICDI	25.581	344	205	11	249	581	14	317	1.14e-14	82.8
1659	sp|Q54VW7|GACGG_DICDI	27.208	283	181	8	356	627	45	313	5.65e-14	80.5
1659	sp|Q52KW8|RCC2_XENLA	28.571	350	194	16	356	660	152	490	3.21e-16	86.7
1659	sp|Q52KW8|RCC2_XENLA	26.692	266	142	8	241	470	152	400	5.05e-11	70.1
1659	sp|Q9P258|RCC2_HUMAN	26.509	381	221	14	556	914	161	504	6.32e-16	85.5
1659	sp|Q9P258|RCC2_HUMAN	26.364	330	178	13	290	579	160	464	4.46e-15	82.8
1659	sp|Q9P258|RCC2_HUMAN	25.779	353	206	12	406	713	161	502	2.52e-14	80.5
1659	sp|Q9P258|RCC2_HUMAN	25.595	336	208	11	456	780	161	465	1.22e-12	75.1
1659	sp|Q8BK67|RCC2_MOUSE	25.984	381	223	14	556	914	159	502	5.41e-15	82.8
1659	sp|Q8BK67|RCC2_MOUSE	25.610	328	183	12	290	579	158	462	8.57e-14	79.0
1659	sp|Q8BK67|RCC2_MOUSE	25.595	336	208	11	456	780	159	463	5.27e-12	73.2
1659	sp|Q96I51|RCC1L_HUMAN	29.066	289	179	9	395	660	174	459	3.72e-14	79.7
1659	sp|Q96I51|RCC1L_HUMAN	29.242	277	168	14	536	788	165	437	3.09e-11	70.5
1659	sp|Q9CYF5|RCC1L_MOUSE	26.683	401	253	13	300	660	57	456	1.08e-13	78.2
1659	sp|Q9CYF5|RCC1L_MOUSE	30.435	276	164	14	537	788	163	434	4.85e-12	73.2
1659	sp|Q90XC2|NEK8_DANRE	26.421	299	187	7	543	821	397	682	1.79e-13	78.2
1659	sp|Q90XC2|NEK8_DANRE	24.308	325	217	6	387	682	331	655	6.82e-13	76.3
1659	sp|Q90XC2|NEK8_DANRE	27.953	254	160	8	697	928	400	652	6.09e-12	73.2
1659	sp|Q90XC2|NEK8_DANRE	26.894	264	172	5	349	592	402	664	1.59e-11	72.0
1659	sp|Q90XC2|NEK8_DANRE	25.191	262	165	4	235	478	403	651	4.05e-11	70.9
1659	sp|Q7ZZC8|NEK9_XENLA	26.332	319	195	9	230	520	351	657	8.37e-13	76.3
1659	sp|Q86SG6|NEK8_HUMAN	27.817	284	171	9	560	821	406	677	1.39e-12	75.5
1659	sp|Q86SG6|NEK8_HUMAN	23.620	326	214	8	637	928	323	647	1.65e-11	72.0
1659	sp|Q86SG6|NEK8_HUMAN	24.599	374	232	8	345	702	332	671	2.60e-11	71.2
1659	sp|P52499|RCC1_CANAX	22.667	375	217	12	516	819	26	398	3.61e-12	73.6
1659	sp|Q91ZR4|NEK8_MOUSE	25.000	412	239	13	395	788	338	697	4.16e-11	70.5
1659	sp|Q91ZR4|NEK8_MOUSE	26.807	332	179	10	235	538	402	697	8.77e-11	69.7
1659	sp|Q8K1R7|NEK9_MOUSE	25.159	314	195	9	235	520	374	675	5.46e-11	70.5
1659	sp|Q8TD19|NEK9_HUMAN	24.841	314	196	9	235	520	374	675	8.07e-11	70.1
1686	sp|A0A172J1V3|PHZM_LYSAN	25.466	322	214	9	253	551	20	338	4.72e-23	103
1686	sp|Q9HWH2|PHZM_PSEAE	25.552	317	213	7	253	548	16	330	3.82e-19	92.4
1686	sp|O22309|7OMT9_MEDSA	27.961	304	182	10	275	547	51	348	7.67e-15	79.7
1686	sp|B0CN39|SFMM3_STRLA	26.246	301	192	10	275	547	30	328	1.27e-14	78.6
1686	sp|O22308|7OMT6_MEDSA	27.961	304	182	10	275	547	51	348	1.34e-14	79.0
1686	sp|Q9LEL6|6OMT_COPJA	23.780	328	210	11	255	547	20	342	3.94e-14	77.4
1686	sp|O24529|7OMT8_MEDSA	27.632	304	183	10	275	547	51	348	4.39e-14	77.4
1686	sp|C7SDN9|N7OMT_PAPSO	26.690	281	173	10	291	540	66	344	7.70e-14	76.6
1686	sp|P10950|ASMT_BOVIN	24.116	311	203	9	255	533	18	327	1.57e-11	69.3
1686	sp|Q5C9L7|6OMT_THLFG	23.263	331	210	12	255	547	21	345	2.49e-11	68.9
1686	sp|B0ZB57|OMT3_HUMLU	28.755	233	138	8	340	547	144	373	5.37e-11	68.2
1686	sp|Q7XB11|4OMT1_PAPSO	30.128	156	99	4	401	547	196	350	9.45e-11	67.0
1689	sp|Q57664|GALE_METJA	27.974	311	191	10	4	292	2	301	5.82e-15	77.0
1689	sp|Q43070|GALE1_PEA	25.000	332	196	10	2	286	6	331	5.25e-13	72.0
1689	sp|B0M3E8|UGE1_PEA	25.000	332	196	10	2	286	6	331	6.84e-13	71.6
1689	sp|Q8S8T4|UXS4_ARATH	27.848	316	194	13	3	294	122	427	2.84e-11	67.0
1689	sp|Q6GMI9|UXS1_DANRE	25.846	325	189	11	2	293	87	392	3.18e-11	67.0
1689	sp|Q9LZI2|UXS2_ARATH	26.899	316	197	12	3	294	120	425	4.65e-11	66.6
1692	sp|P15005|MCRB_ECOLI	39.429	175	87	6	560	719	274	444	4.00e-26	115
1699	sp|P23840|DIND_ECOLI	77.323	269	61	0	1	269	1	269	3.35e-157	441
2008	sp|P44169|Y1375_HAEIN	24.224	322	216	6	4	323	1	296	2.72e-23	100
2155	sp|P19705|T1SE_ECOLX	42.647	612	288	17	40	612	7	594	3.98e-129	395
2155	sp|P19704|T1SA_ECOLX	43.607	610	280	18	40	612	7	589	2.68e-127	390
2155	sp|P71344|T1SI_HAEIN	32.099	162	98	5	451	608	33	186	5.09e-15	80.9
2157	sp|Q07736|T1RA_ECOLX	57.876	838	314	9	1	836	4	804	0.0	976
2157	sp|Q47281|T1RE_ECOLX	57.788	841	313	10	1	836	4	807	0.0	958
2157	sp|P08956|T1RK_ECOLI	27.939	587	300	22	57	560	297	843	5.35e-38	157
2157	sp|P33919|RADD_ECOLI	23.649	444	235	19	167	586	6	369	7.06e-13	75.9
2191	sp|Q58577|Y1178_METJA	30.055	366	192	15	1	336	4	335	2.97e-28	115
2191	sp|Q81ST7|BSHA_BACAN	29.097	299	168	10	63	335	77	357	2.74e-22	100
2191	sp|P9WMZ3|PIMB_MYCTU	28.689	244	148	6	113	336	130	367	3.03e-21	97.1
2191	sp|P9WMZ2|PIMB_MYCTO	28.689	244	148	6	113	336	130	367	3.03e-21	97.1
2191	sp|O32272|TUAC_BACSU	25.313	399	230	11	1	348	1	382	8.09e-21	95.9
2191	sp|Q59002|Y1607_METJA	28.523	298	181	10	67	340	84	373	1.72e-18	89.4
2191	sp|Q8NTA6|MSHA_CORGL	30.147	272	160	13	103	352	144	407	1.34e-17	86.7
2191	sp|A4QB40|MSHA_CORGB	30.147	272	160	13	103	352	144	407	1.34e-17	86.7
2191	sp|A7TZT2|MFPS_AGRFC	26.400	250	160	6	106	336	177	421	9.87e-17	84.3
2191	sp|Q8FSH1|MSHA_COREF	29.588	267	156	12	106	349	147	404	3.79e-16	82.4
2191	sp|Q94BX4|PIGA_ARATH	27.090	299	196	10	64	351	87	374	4.49e-16	82.4
2191	sp|A0JZ09|MSHA_ARTS2	26.518	313	179	12	61	336	93	391	5.03e-16	82.0
2191	sp|Q65CC7|KANE_STRKN	30.435	161	104	4	167	326	207	360	2.83e-15	79.7
2191	sp|A4FQ08|MSHA_SACEN	29.817	218	131	6	124	322	177	391	6.78e-15	79.0
2191	sp|Q4JSW2|MSHA_CORJK	28.352	261	161	9	110	349	150	405	1.10e-14	78.2
2191	sp|P87172|GPI3_SCHPO	31.472	197	124	7	145	338	165	353	1.45e-14	77.8
2191	sp|P42982|BSHA_BACSU	29.682	283	155	14	71	327	86	350	1.82e-14	77.4
2191	sp|P9WMY7|MSHA_MYCTU	30.556	216	136	6	147	352	235	446	2.46e-14	77.4
2191	sp|P9WMY6|MSHA_MYCTO	30.556	216	136	6	147	352	235	446	2.46e-14	77.4
2191	sp|C6DT68|MSHA_MYCTK	30.556	216	136	6	147	352	235	446	2.46e-14	77.4
2191	sp|A5WJJ8|MSHA_MYCTF	30.556	216	136	6	147	352	235	446	2.46e-14	77.4
2191	sp|A5TZL4|MSHA_MYCTA	30.556	216	136	6	147	352	235	446	2.46e-14	77.4
2191	sp|C1AKG4|MSHA_MYCBT	30.556	216	136	6	147	352	235	446	2.46e-14	77.4
2191	sp|A1KFW0|MSHA_MYCBP	30.556	216	136	6	147	352	235	446	2.46e-14	77.4
2191	sp|P64708|MSHA_MYCBO	30.556	216	136	6	147	352	235	446	2.46e-14	77.4
2191	sp|B8HCF8|MSHA_PSECP	28.797	316	174	14	56	333	87	389	2.93e-14	77.0
2191	sp|A0R043|PIMB_MYCS2	33.333	144	88	2	177	315	201	341	5.07e-14	75.9
2191	sp|Q47KS6|MSHA_THEFY	26.498	317	180	12	74	351	122	424	1.21e-13	75.1
2191	sp|B1VEI4|MSHA_CORU7	29.167	216	128	7	147	343	190	399	1.63e-13	74.7
2191	sp|C7R101|MSHA_JONDD	27.119	236	149	8	133	349	183	414	1.87e-13	74.3
2191	sp|C8XA09|MSHA_NAKMY	29.317	249	151	9	125	354	193	435	1.89e-13	74.7
2191	sp|C3PK12|MSHA_CORA7	26.627	338	184	15	51	347	88	402	1.92e-13	74.3
2191	sp|D1BD84|MSHA_SANKS	32.065	184	112	6	174	349	238	416	2.28e-13	74.3
2191	sp|A8LZG1|MSHA_SALAI	31.532	222	116	9	147	341	211	423	3.62e-13	73.6
2191	sp|C4LLD6|MSHA_CORK4	28.302	265	154	11	110	348	178	432	4.42e-13	73.6
2191	sp|Q9HTC0|WBPZ_PSEAE	27.888	251	141	10	112	343	127	356	7.51e-13	72.4
2191	sp|D3Q051|MSHA_STANL	28.390	236	146	8	130	347	194	424	7.83e-13	72.8
2191	sp|Q6NJL3|MSHA_CORDI	33.728	169	98	7	161	323	222	382	8.11e-13	72.4
2191	sp|Q9L1I4|Y2592_STRCO	36.196	163	95	5	165	326	207	361	8.88e-13	73.2
2191	sp|B2HQV2|MSHA_MYCMM	29.630	216	138	6	147	352	225	436	1.05e-12	72.4
2191	sp|Q5YP47|MSHA_NOCFA	28.514	249	150	10	123	351	177	417	1.20e-12	72.0
2191	sp|A1SP12|MSHA_NOCSJ	25.078	319	184	13	74	349	143	449	1.35e-12	72.0
2191	sp|A1R8N8|MSHA_PAEAT	27.426	237	158	6	130	355	171	404	3.00e-12	70.9
2191	sp|Q48453|YC07_KLEPN	40.000	80	46	1	228	307	240	317	4.23e-12	70.1
2191	sp|A0QQZ8|MSHA_MYCS2	30.000	230	142	8	133	351	186	407	5.08e-12	70.1
2191	sp|A8LDJ8|MSHA_FRASN	32.955	176	105	6	184	351	257	427	8.69e-12	69.3
2191	sp|A0PVZ1|MSHA_MYCUA	27.848	237	156	7	127	352	201	433	9.31e-12	69.3
2191	sp|Q82G92|MSHA_STRAW	31.875	160	98	5	184	336	282	437	1.11e-11	69.3
2191	sp|P9WMY9|GLGSY_MYCTU	26.136	264	170	7	69	316	104	358	1.50e-11	68.6
2191	sp|P9WMY8|GLGSY_MYCTO	26.136	264	170	7	69	316	104	358	1.50e-11	68.6
2191	sp|C6WPK3|MSHA_ACTMD	31.633	196	115	7	147	326	192	384	1.67e-11	68.6
2191	sp|Q8NNK8|PIMB_CORGL	33.690	187	98	8	150	318	168	346	1.92e-11	68.2
2191	sp|P54138|MSHA_MYCLE	32.484	157	96	4	203	352	245	398	2.06e-11	68.2
2191	sp|B8ZT88|MSHA_MYCLB	32.484	157	96	4	203	352	245	398	2.06e-11	68.2
2191	sp|P37287|PIGA_HUMAN	27.778	270	172	10	58	315	107	365	2.69e-11	68.2
2191	sp|P39862|CAPM_STAAU	32.941	170	98	7	170	334	199	357	3.90e-11	67.4
2191	sp|D6Z995|MSHA_SEGRD	25.101	247	162	7	126	355	201	441	4.49e-11	67.4
2191	sp|C7MSY6|MSHA_SACVD	29.592	196	119	6	147	326	203	395	6.18e-11	67.0
2191	sp|B1MHQ0|MSHA_MYCA9	37.815	119	65	3	202	314	265	380	7.83e-11	66.6
2191	sp|A0LQY9|MSHA_ACIC1	29.412	221	135	9	147	351	217	432	9.31e-11	66.2
2494	sp|P44152|T1SH_HAEIN	30.400	250	153	6	39	282	29	263	2.07e-12	73.2
2495	sp|O51040|Y007_BORBU	27.698	278	164	12	6	259	9	273	1.53e-17	83.6
2551	sp|P39979|HPA3_YEAST	31.081	148	99	2	3	148	14	160	1.76e-12	64.3
2961	sp|P27278|NADR_ECOLI	27.554	323	177	13	11	308	67	357	3.58e-15	79.7
2961	sp|P24518|NADR_SALTY	27.864	323	176	13	11	308	67	357	4.19e-15	79.3
2961	sp|P44308|NADR_HAEIN	25.806	310	200	9	11	308	61	352	1.57e-14	77.8
3243	sp|P9WHG7|PARE1_MYCTU	36.957	92	58	0	2	93	3	94	7.55e-21	82.0
3243	sp|P9WHG6|PARE1_MYCTO	36.957	92	58	0	2	93	3	94	7.55e-21	82.0
3243	sp|Q9A9T8|PARE1_CAUVC	32.609	92	60	1	1	92	1	90	5.73e-16	69.7
3244	sp|P58093|PARD_VIBCH	66.667	78	26	0	1	78	1	78	6.77e-32	108
3244	sp|P67299|PARD_MYCBO	49.315	73	36	1	1	72	1	73	2.48e-17	72.0
3244	sp|P9WIJ7|PARD1_MYCTU	49.315	73	36	1	1	72	1	73	2.48e-17	72.0
3244	sp|P9WIJ6|PARD1_MYCTO	49.315	73	36	1	1	72	1	73	2.48e-17	72.0
3244	sp|Q9PBR9|PARD_XYLFA	41.772	79	45	1	1	78	1	79	3.54e-16	69.3
3244	sp|P58091|PARD1_CAUVC	53.425	73	33	1	2	73	3	75	1.65e-15	67.8
3244	sp|P58092|PARD_ECO57	43.836	73	41	0	1	73	1	73	1.66e-13	62.4
3244	sp|P0C2N3|PARD_YEREN	42.857	63	36	0	1	63	1	63	5.95e-11	55.8
3244	sp|A1JUB1|PARD_YERE8	42.857	63	36	0	1	63	1	63	5.95e-11	55.8
3329	sp|Q9KT48|Y1057_VIBCH	67.073	82	27	0	1	82	1	82	7.30e-36	119
3329	sp|P58040|YF7A_PSEAE	63.415	82	30	0	1	82	1	82	1.56e-32	110
3329	sp|P0AFT8|YEIW_ECOLI	56.098	82	36	0	1	82	1	82	1.97e-27	97.8
3329	sp|P0AFT9|YEIW_ECOL6	56.098	82	36	0	1	82	1	82	1.97e-27	97.8
3351	sp|O53468|HIGB2_MYCTU	40.541	111	65	1	7	116	81	191	4.22e-20	84.0
3351	sp|O53332|HIGB3_MYCTU	46.809	94	48	1	11	104	10	101	2.39e-19	79.7
3357	sp|P05302|MTD1_DESNO	34.314	408	212	15	13	409	4	366	1.63e-53	186
3357	sp|P52311|MTX2_XANOR	26.573	429	208	15	13	409	7	360	7.67e-35	136
3357	sp|O52702|MTA1_ACEPA	29.535	430	223	17	13	416	8	383	2.76e-34	135
3357	sp|P50192|MTHA_HAEPH	39.153	189	90	6	11	195	46	213	2.26e-31	126
3357	sp|P50196|MTE8_ECOLX	31.450	407	190	17	11	409	82	407	3.41e-30	124
3357	sp|P94147|MTA1_THAGE	28.942	463	223	18	13	410	4	425	4.27e-30	124
3357	sp|P0DW08|MTB1_BACP9	27.673	477	228	17	13	412	4	440	6.13e-27	115
3357	sp|P29567|MTHT_METTF	29.455	404	188	15	15	410	8	322	1.82e-26	112
3357	sp|P34881|DNMT1_ARATH	27.862	463	234	17	13	411	1096	1522	8.22e-26	114
3357	sp|Q8EL95|MT36_OCEIH	27.500	480	239	22	4	410	9	452	1.75e-25	111
3357	sp|P23737|MTS9_STAAU	28.682	387	184	15	29	407	118	420	1.86e-25	110
3357	sp|P09795|MTS1_SALIN	28.638	426	204	17	13	411	78	430	1.62e-24	108
3357	sp|P34882|MTAA_SYNP2	35.484	186	109	4	13	197	6	181	4.05e-23	100
3357	sp|Q7Y1I7|DNM1A_ORYSJ	27.292	469	249	20	2	410	1084	1520	7.73e-23	105
3357	sp|P34906|MTF1_FUSNU	34.921	189	95	5	13	200	4	165	1.54e-21	98.2
3357	sp|P45000|MTH5_HAEIN	34.392	189	86	5	13	195	4	160	1.23e-20	95.1
3357	sp|P25264|MTC2_HERAU	30.526	190	105	5	12	200	6	169	1.56e-18	90.5
3357	sp|P06530|MTBR_BACIU	26.959	434	191	17	13	411	62	404	6.08e-18	89.0
3357	sp|P25265|MTD2_HERAU	23.833	407	235	16	9	410	2	338	6.55e-17	85.1
3357	sp|P08455|MTP2_NEIGO	29.707	239	119	9	13	244	15	211	7.49e-17	84.7
3357	sp|Q27746|DNMT1_PARLI	28.231	294	161	11	13	278	1134	1405	1.46e-16	85.9
3357	sp|O33481|MTP1_PSYTA	35.751	193	97	8	11	201	78	245	3.06e-16	83.6
3357	sp|D4ZX35|MTAP_ARTPN	31.551	187	96	6	13	198	28	183	4.39e-16	82.4
3357	sp|P09915|MTBR_BPRH1	30.180	222	128	6	13	233	7	202	6.95e-16	82.8
3357	sp|P19888|MTBA_ANEAE	24.130	460	236	18	12	412	5	410	8.23e-16	82.4
3357	sp|P50188|MTN1_LENAE	30.303	198	106	6	13	208	7	174	9.06e-16	82.0
3357	sp|P24600|MTD1_HERAU	31.720	186	99	4	13	197	4	162	1.97e-15	80.1
3357	sp|P25263|MTC1_HERAU	25.714	455	236	20	12	410	4	412	2.07e-15	81.3
3357	sp|Q24K09|DNMT1_BOVIN	33.158	190	106	7	13	195	1139	1314	3.42e-15	81.6
3357	sp|P13906|MTB1_LYSSH	26.329	414	215	14	13	409	61	401	7.50e-15	79.3
3357	sp|P15446|MTH2_HAEPA	29.255	188	106	6	11	196	33	195	1.12e-14	78.6
3357	sp|P31033|MTM4_NEIGO	28.718	195	101	5	11	199	4	166	1.59e-14	77.4
3357	sp|P13864|DNMT1_MOUSE	31.579	190	109	6	13	195	1145	1320	1.79e-14	79.3
3357	sp|P00476|MTBS_BPSPR	30.928	194	108	6	13	204	7	176	3.45e-14	77.4
3357	sp|Q9RLM4|MTD1_NEIMC	28.571	210	123	7	1	198	47	241	4.15e-14	77.0
3357	sp|Q9Z330|DNMT1_RAT	31.053	190	110	6	13	195	1147	1322	4.24e-14	78.2
3357	sp|P17044|MTBF_BACIU	28.426	197	110	6	11	205	102	269	4.86e-14	77.0
3357	sp|P25267|MTG1_HERAU	33.858	127	67	3	13	138	4	114	7.18e-14	71.2
3357	sp|Q59606|MTF7_NEIGO	27.723	202	112	6	3	199	9	181	1.73e-13	75.1
3357	sp|Q59603|MTB1_NEIGO	28.365	208	113	6	13	214	5	182	1.89e-13	74.3
3357	sp|Q59605|MTB5_NEIGO	25.121	414	230	17	12	372	6	392	2.51e-13	74.7
3357	sp|P50182|MTN4_NEILA	29.688	192	106	7	12	195	6	176	1.19e-12	72.8
3357	sp|O30868|MTH2_HAEAE	28.796	191	103	5	13	200	7	167	2.53e-12	70.9
3357	sp|Q57983|MT51_METJA	28.796	191	110	5	13	197	4	174	3.17e-12	70.5
3357	sp|P34877|MTSA_LACLC	31.282	195	102	8	6	196	73	239	4.03e-12	70.9
3357	sp|P24581|MTNX_NEILA	28.426	197	107	7	13	206	5	170	8.98e-12	69.3
3423	sp|A1JSL8|Y2891_YERE8	29.605	304	202	4	2	294	5	307	3.27e-24	103
3423	sp|Q93AA7|YBHG_YERPE	29.664	327	214	6	2	317	5	326	8.54e-24	102
3423	sp|B1JSP3|Y2900_YERPY	29.664	327	214	6	2	317	5	326	8.54e-24	102
3423	sp|Q1CFT7|Y2816_YERPN	29.664	327	214	6	2	317	5	326	8.54e-24	102
3423	sp|A7FKJ7|Y2812_YERP3	29.664	327	214	6	2	317	5	326	8.54e-24	102
3423	sp|Q1C912|Y1093_YERPA	29.664	327	214	6	2	317	5	326	8.54e-24	102
3423	sp|B2K8W1|Y1292_YERPB	29.664	327	214	6	2	317	5	326	1.07e-23	102
3423	sp|Q66D37|Y1212_YERPS	29.664	327	214	6	2	317	5	326	1.07e-23	102
3423	sp|A4W8D7|Y1286_ENT38	30.830	253	172	1	45	294	54	306	1.18e-18	88.2
3423	sp|A8AIZ1|Y2332_CITK8	28.413	271	191	1	27	294	36	306	1.54e-16	82.4
3423	sp|B5R785|YBHG_SALG2	28.413	271	191	1	27	294	36	306	2.91e-15	78.6
3423	sp|A9MIT3|YBHG_SALAR	28.413	271	191	1	27	294	36	306	2.97e-15	78.6
3423	sp|Q8ZQP0|YBHG_SALTY	28.044	271	192	1	27	294	36	306	9.30e-15	77.0
3423	sp|Q8Z879|YBHG_SALTI	28.044	271	192	1	27	294	36	306	9.30e-15	77.0
3423	sp|C0PX06|YBHG_SALPC	28.044	271	192	1	27	294	36	306	9.30e-15	77.0
3423	sp|B5QXS4|YBHG_SALEP	28.044	271	192	1	27	294	36	306	9.30e-15	77.0
3423	sp|B5FP83|YBHG_SALDC	28.044	271	192	1	27	294	36	306	9.30e-15	77.0
3423	sp|Q57RE0|YBHG_SALCH	28.044	271	192	1	27	294	36	306	9.30e-15	77.0
3423	sp|B5F095|YBHG_SALA4	28.044	271	192	1	27	294	36	306	9.30e-15	77.0
3423	sp|B5BC09|YBHG_SALPK	27.675	271	193	1	27	294	36	306	4.41e-14	75.1
3423	sp|Q5PG34|YBHG_SALPA	27.675	271	193	1	27	294	36	306	4.41e-14	75.1
3423	sp|B4TQW1|YBHG_SALSV	27.675	271	193	1	27	294	36	306	4.50e-14	75.1
3423	sp|A9MSW1|YBHG_SALPB	27.675	271	193	1	27	294	36	306	4.50e-14	75.1
3423	sp|B4T074|YBHG_SALNS	27.675	271	193	1	27	294	36	306	4.50e-14	75.1
3423	sp|B4TC72|YBHG_SALHS	27.675	271	193	1	27	294	36	306	4.50e-14	75.1
3423	sp|Q92V44|Y5573_RHIME	30.717	293	196	2	28	317	40	328	6.47e-13	71.6
3423	sp|P37626|YHII_ECOLI	27.622	286	166	6	28	289	41	309	1.95e-11	67.4
3425	sp|P0AFQ2|YBHS_ECOLI	29.769	346	226	6	17	355	7	342	4.72e-42	154
3425	sp|P0AFQ3|YBHS_ECOL6	29.769	346	226	6	17	355	7	342	4.72e-42	154
3425	sp|P0AFQ4|YBHS_ECO57	29.769	346	226	6	17	355	7	342	4.72e-42	154
3425	sp|P0AFQ1|YBHR_SHIFL	26.361	349	238	6	27	369	11	346	9.03e-34	132
3425	sp|P0AFP9|YBHR_ECOLI	26.361	349	238	6	27	369	11	346	9.03e-34	132
3425	sp|P0AFQ0|YBHR_ECO57	26.361	349	238	6	27	369	11	346	9.03e-34	132
3425	sp|P37624|RBBA_ECOLI	26.685	356	242	7	17	363	539	884	1.61e-30	127
3425	sp|Q8T674|ABCGK_DICDI	21.467	368	280	4	16	380	343	704	1.47e-26	115
3425	sp|P0AGH2|YHHJ_SHIFL	27.665	394	240	11	16	389	2	370	1.46e-22	101
3425	sp|P0AGH1|YHHJ_ECOLI	27.665	394	240	11	16	389	2	370	1.46e-22	101
3425	sp|Q55EH8|ABCGN_DICDI	22.157	343	259	6	18	357	316	653	2.81e-17	87.4
3459	sp|P63417|YHBS_ECOLI	31.579	152	95	4	22	165	15	165	5.69e-14	68.9
3459	sp|P63418|YHBS_ECOL6	31.579	152	95	4	22	165	15	165	5.69e-14	68.9
3459	sp|P63419|YHBS_ECO57	31.579	152	95	4	22	165	15	165	5.69e-14	68.9
3459	sp|P39368|YJHQ_ECOLI	30.986	142	89	4	4	143	9	143	6.75e-11	61.2
3491	sp|Q7DFU6|YGHX_ECOLI	61.404	114	39	1	50	163	6	114	2.86e-40	139
3491	sp|P46209|USF_AQUPY	32.900	231	125	9	88	303	15	230	2.49e-24	101
3491	sp|O67802|DLHH_AQUAE	32.314	229	129	9	88	303	15	230	1.30e-22	97.1
3491	sp|P73163|DLHH_SYNY3	28.968	252	151	9	70	303	4	245	2.78e-19	88.2
3491	sp|Q8ZAL4|DLHH_YERPE	27.542	236	151	5	81	302	26	255	5.55e-18	85.1
3491	sp|F8QQ74|NAAC_BRASZ	30.093	216	133	7	103	303	30	242	7.17e-17	81.6
3491	sp|Q8X8L4|DLHH_ECO57	27.962	211	135	5	107	302	57	265	2.32e-16	80.5
3491	sp|P56262|DLHH_ECOLI	27.962	211	135	5	107	302	57	265	1.02e-15	79.0
3491	sp|Q8Z3B8|DLHH_SALTI	27.488	211	136	5	107	302	57	265	1.29e-15	78.6
3491	sp|Q9L6M9|DLHH_SALTY	27.488	211	136	5	107	302	57	265	2.01e-15	78.2
3491	sp|P0A114|CLCD_PSEPU	29.439	214	136	6	97	299	19	228	4.73e-15	76.3
3491	sp|P0A115|CLCD_PSEKB	29.439	214	136	6	97	299	19	228	4.73e-15	76.3
3491	sp|P71505|DLHH_METEA	27.442	215	132	7	107	302	79	288	7.30e-12	68.2
3491	sp|P27136|TFDE1_CUPPJ	24.171	211	148	3	98	299	20	227	2.80e-11	65.5
3520	sp|O07614|YHFO_BACSU	42.857	140	80	0	15	154	3	142	3.12e-33	117
